SubjectID,DateID,GestureLabel,RepetitionNumber,CorrectLabel,Timestamp1,Timestamp2,Timestamp3,X,Y,Z,X_proj,Y_proj,Position_stand,JointName_AnkleLeft,JointName_AnkleRight,JointName_ElbowLeft,JointName_ElbowRight,JointName_FootLeft,JointName_FootRight,JointName_HandLeft,JointName_HandRight,JointName_HandTipLeft,JointName_HandTipRight,JointName_Head,JointName_HipLeft,JointName_HipRight,JointName_KneeLeft,JointName_KneeRight,JointName_Neck,JointName_ShoulderLeft,JointName_ShoulderRight,JointName_SpineBase,JointName_SpineMid,JointName_SpineShoulder,JointName_ThumbLeft,JointName_ThumbRight,JointName_WristLeft,JointName_WristRight,TrackingStatus_Inferred,TrackingStatus_Tracked
215,18,6,4,1,10344,5,98065,-0.3910039,0.01805465,2.151816,191.6086,203.8699,True,False,False,False,False,False,False,False,False,False,False,False,False,False,False,False,False,False,False,True,False,False,False,False,False,False,False,True
215,18,6,4,1,10344,5,98065,-0.408034,0.329701,2.112182,187.2667,149.4464,True,False,False,False,False,False,False,False,False,False,False,False,False,False,False,False,False,False,False,False,True,False,False,False,False,False,False,True
215,18,6,4,1,10344,5,98065,-0.4231101,0.6312636,2.058712,182.5249,93.69397,True,False,False,False,False,False,False,False,False,False,False,False,False,False,False,False,True,False,False,False,False,False,False,False,False,False,False,True
215,18,6,4,1,10344,5,98065,-0.4193771,0.7629213,2.05825,183.1544,69.99864,True,False,False,False,False,False,False,False,False,False,False,True,False,False,False,False,False,False,False,False,False,False,False,False,False,False,False,True
215,18,6,4,1,10344,5,98065,-0.5459051,0.5191849,1.980862,156.6307,110.1301,True,False,False,False,False,False,False,False,False,False,False,False,False,False,False,False,False,True,False,False,False,False,False,False,False,False,False,True
215,18,6,4,1,10344,5,98065,-0.517662,0.3207317,1.873688,156.4635,143.7737,True,False,False,True,False,False,False,False,False,False,False,False,False,False,False,False,False,False,False,False,False,False,False,False,False,False,False,True
215,18,6,4,1,10344,5,98065,-0.4032816,0.18184,1.749668,173.5111,168.6615,True,False,False,False,False,False,False,False,False,False,False,False,False,False,False,False,False,False,False,False,False,False,False,False,True,False,False,True
215,18,6,4,1,10344,5,98065,-0.3375771,0.1545708,1.688683,184.8446,173.2579,True,False,False,False,False,False,False,True,False,False,False,False,False,False,False,False,False,False,False,False,False,False,False,False,False,False,False,True
215,18,6,4,1,10344,5,98065,-0.2435781,0.5320126,2.047072,214.5592,111.1142,True,False,False,False,False,False,False,False,False,False,False,False,False,False,False,False,False,False,True,False,False,False,False,False,False,False,False,True
215,18,6,4,1,10344,5,98065,-0.1930454,0.299913,1.963804,222.2853,150.7869,True,False,False,False,True,False,False,False,False,False,False,False,False,False,False,False,False,False,False,False,False,False,False,False,False,False,False,True
215,18,6,4,1,10344,5,98065,-0.2730667,0.1880613,1.794515,202.4697,168.4093,True,False,False,False,False,False,False,False,False,False,False,False,False,False,False,False,False,False,False,False,False,False,False,False,False,True,False,True
215,18,6,4,1,10344,5,98065,-0.3235198,0.1549008,1.690648,188.0054,173.232,True,False,False,False,False,False,False,False,True,False,False,False,False,False,False,False,False,False,False,False,False,False,False,False,False,False,False,True
215,18,6,4,1,10344,5,98065,-0.464084,0.02095927,2.100604,177.1021,203.2824,True,False,False,False,False,False,False,False,False,False,False,False,True,False,False,False,False,False,False,False,False,False,False,False,False,False,False,True
215,18,6,4,1,10344,5,98065,-0.4703947,-0.3569694,2.20454,179.7869,266.6432,True,False,False,False,False,False,False,False,False,False,False,False,False,False,True,False,False,False,False,False,False,False,False,False,False,False,False,True
215,18,6,4,1,10344,5,98065,-0.4698371,-0.6564783,2.251995,181.3873,314.6168,True,True,False,False,False,False,False,False,False,False,False,False,False,False,False,False,False,False,False,False,False,False,False,False,False,False,False,True
215,18,6,4,1,10344,5,98065,-0.4886071,-0.7267818,2.174664,175.424,330.4379,True,False,False,False,False,True,False,False,False,False,False,False,False,False,False,False,False,False,False,False,False,False,False,False,False,False,False,True
215,18,6,4,1,10344,5,98065,-0.30538,0.01548613,2.134744,205.8731,204.2901,True,False,False,False,False,False,False,False,False,False,False,False,False,True,False,False,False,False,False,False,False,False,False,False,False,False,False,True
215,18,6,4,1,10344,5,98065,-0.2631677,-0.3835249,2.237526,215.1531,270.0389,True,False,False,False,False,False,False,False,False,False,False,False,False,False,False,True,False,False,False,False,False,False,False,False,False,False,False,True
215,18,6,4,1,10344,5,98065,-0.192296,-0.6453115,2.27975,227.3262,311.367,True,False,True,False,False,False,False,False,False,False,False,False,False,False,False,False,False,False,False,False,False,False,False,False,False,False,False,True
215,18,6,4,1,10344,5,98065,-0.1647318,-0.703387,2.222918,231.0867,323.7497,True,False,False,False,False,False,True,False,False,False,False,False,False,False,False,False,False,False,False,False,False,False,False,False,False,False,False,True
215,18,6,4,1,10344,5,98065,-0.4200553,0.558337,2.073812,183.6594,107.558,True,False,False,False,False,False,False,False,False,False,False,False,False,False,False,False,False,False,False,False,False,True,False,False,False,False,False,True
215,18,6,4,1,10344,5,98065,-0.3060263,0.1201187,1.665339,190.8271,180.4172,True,False,False,False,False,False,False,False,False,True,False,False,False,False,False,False,False,False,False,False,False,False,False,False,False,False,False,True
215,18,6,4,1,10344,5,98065,-0.3139156,0.1919018,1.666775,189.1019,164.5685,True,False,False,False,False,False,False,False,False,False,False,False,False,False,False,False,False,False,False,False,False,False,True,False,False,False,False,True
215,18,6,4,1,10344,5,98065,-0.333968,0.1243676,1.660377,184.4003,179.384,True,False,False,False,False,False,False,False,False,False,True,False,False,False,False,False,False,False,False,False,False,False,False,False,False,False,False,True
215,18,6,4,1,10344,5,98065,-0.2900263,0.128814,1.659217,194.1357,178.3955,True,False,False,False,False,False,False,False,False,False,False,False,False,False,False,False,False,False,False,False,False,False,False,True,False,False,False,True
215,18,6,4,1,10345,5,98100,-0.3912112,0.01831023,2.151911,191.576,203.8263,True,False,False,False,False,False,False,False,False,False,False,False,False,False,False,False,False,False,False,True,False,False,False,False,False,False,False,True
215,18,6,4,1,10345,5,98100,-0.407882,0.3295893,2.111789,187.28,149.4553,True,False,False,False,False,False,False,False,False,False,False,False,False,False,False,False,False,False,False,False,True,False,False,False,False,False,False,True
215,18,6,4,1,10345,5,98100,-0.4215771,0.6298043,2.05709,182.741,93.86773,True,False,False,False,False,False,False,False,False,False,False,False,False,False,False,False,True,False,False,False,False,False,False,False,False,False,False,True
215,18,6,4,1,10345,5,98100,-0.4183342,0.7617643,2.05566,183.247,70.03403,True,False,False,False,False,False,False,False,False,False,False,True,False,False,False,False,False,False,False,False,False,False,False,False,False,False,False,True
215,18,6,4,1,10345,5,98100,-0.5457019,0.5190075,1.980131,156.631,110.1274,True,False,False,False,False,False,False,False,False,False,False,False,False,False,False,False,False,True,False,False,False,False,False,False,False,False,False,True
215,18,6,4,1,10345,5,98100,-0.5131817,0.3277538,1.863897,156.8116,142.049,True,False,False,True,False,False,False,False,False,False,False,False,False,False,False,False,False,False,False,False,False,False,False,False,False,False,False,True
215,18,6,4,1,10345,5,98100,-0.3818219,0.1868306,1.699404,175.658,166.4496,True,False,False,False,False,False,False,False,False,False,False,False,False,False,False,False,False,False,False,False,False,False,False,False,True,False,False,True
215,18,6,4,1,10345,5,98100,-0.3337024,0.1771881,1.663306,184.5652,167.7302,True,False,False,False,False,False,False,True,False,False,False,False,False,False,False,False,False,False,False,False,False,False,False,False,False,False,False,True
215,18,6,4,1,10345,5,98100,-0.2424593,0.5300363,2.045897,214.7367,111.4176,True,False,False,False,False,False,False,False,False,False,False,False,False,False,False,False,False,False,True,False,False,False,False,False,False,False,False,True
215,18,6,4,1,10345,5,98100,-0.1930988,0.2945214,1.963828,222.2778,151.8004,True,False,False,False,True,False,False,False,False,False,False,False,False,False,False,False,False,False,False,False,False,False,False,False,False,False,False,True
215,18,6,4,1,10345,5,98100,-0.2601329,0.2237294,1.76797,204.3075,160.3991,True,False,False,False,False,False,False,False,False,False,False,False,False,False,False,False,False,False,False,False,False,False,False,False,False,True,False,True
215,18,6,4,1,10345,5,98100,-0.3193804,0.1753664,1.661529,187.6748,168.1,True,False,False,False,False,False,False,False,True,False,False,False,False,False,False,False,False,False,False,False,False,False,False,False,False,False,False,True
215,18,6,4,1,10345,5,98100,-0.4643295,0.02116203,2.100802,177.0666,203.2472,True,False,False,False,False,False,False,False,False,False,False,False,True,False,False,False,False,False,False,False,False,False,False,False,False,False,False,True
215,18,6,4,1,10345,5,98100,-0.4704264,-0.3569635,2.204714,179.7878,266.6375,True,False,False,False,False,False,False,False,False,False,False,False,False,False,True,False,False,False,False,False,False,False,False,False,False,False,False,True
215,18,6,4,1,10345,5,98100,-0.4704646,-0.6565085,2.251569,181.2695,314.6425,True,True,False,False,False,False,False,False,False,False,False,False,False,False,False,False,False,False,False,False,False,False,False,False,False,False,False,True
215,18,6,4,1,10345,5,98100,-0.4882355,-0.7266147,2.174387,175.4766,330.4252,True,False,False,False,False,True,False,False,False,False,False,False,False,False,False,False,False,False,False,False,False,False,False,False,False,False,False,True
215,18,6,4,1,10345,5,98100,-0.305552,0.01570081,2.134759,205.8437,204.2532,True,False,False,False,False,False,False,False,False,False,False,False,False,True,False,False,False,False,False,False,False,False,False,False,False,False,False,True
215,18,6,4,1,10345,5,98100,-0.2635231,-0.3837644,2.237927,215.1023,270.0672,True,False,False,False,False,False,False,False,False,False,False,False,False,False,False,True,False,False,False,False,False,False,False,False,False,False,False,True
215,18,6,4,1,10345,5,98100,-0.1926625,-0.6438482,2.283096,227.3133,310.9751,True,False,True,False,False,False,False,False,False,False,False,False,False,False,False,False,False,False,False,False,False,False,False,False,False,False,False,True
215,18,6,4,1,10345,5,98100,-0.1661255,-0.7011576,2.223243,230.8598,323.3604,True,False,False,False,False,False,True,False,False,False,False,False,False,False,False,False,False,False,False,False,False,False,False,False,False,False,False,True
215,18,6,4,1,10345,5,98100,-0.4189109,0.5571289,2.072578,183.8195,107.7151,True,False,False,False,False,False,False,False,False,False,False,False,False,False,False,False,False,False,False,False,False,True,False,False,False,False,False,True
215,18,6,4,1,10345,5,98100,-0.3021172,0.1517668,1.635125,190.441,172.7971,True,False,False,False,False,False,False,False,False,True,False,False,False,False,False,False,False,False,False,False,False,False,False,False,False,False,False,True
215,18,6,4,1,10345,5,98100,-0.2989246,0.2094606,1.653037,191.8642,160.3055,True,False,False,False,False,False,False,False,False,False,False,False,False,False,False,False,False,False,False,False,False,False,True,False,False,False,False,True
215,18,6,4,1,10345,5,98100,-0.3283891,0.1527487,1.630826,184.3034,172.4717,True,False,False,False,False,False,False,False,False,False,True,False,False,False,False,False,False,False,False,False,False,False,False,False,False,False,False,True
215,18,6,4,1,10345,5,98100,-0.2911825,0.1394286,1.643765,193.2639,175.7474,True,False,False,False,False,False,False,False,False,False,False,False,False,False,False,False,False,False,False,False,False,False,False,True,False,False,False,True
215,18,6,4,1,10346,5,98131,-0.3919646,0.01934355,2.151914,191.4467,203.6497,True,False,False,False,False,False,False,False,False,False,False,False,False,False,False,False,False,False,False,True,False,False,False,False,False,False,False,True
215,18,6,4,1,10346,5,98131,-0.408037,0.329821,2.111344,187.2377,149.4025,True,False,False,False,False,False,False,False,False,False,False,False,False,False,False,False,False,False,False,False,True,False,False,False,False,False,False,True
215,18,6,4,1,10346,5,98131,-0.4213812,0.6295774,2.056433,182.752,93.8724,True,False,False,False,False,False,False,False,False,False,False,False,False,False,False,False,True,False,False,False,False,False,False,False,False,False,False,True
215,18,6,4,1,10346,5,98131,-0.4178165,0.761165,2.054491,183.2972,70.0638,True,False,False,False,False,False,False,False,False,False,False,True,False,False,False,False,False,False,False,False,False,False,False,False,False,False,False,True
215,18,6,4,1,10346,5,98131,-0.5442647,0.51851,1.978106,156.7955,110.1215,True,False,False,False,False,False,False,False,False,False,False,False,False,False,False,False,False,True,False,False,False,False,False,False,False,False,False,True
215,18,6,4,1,10346,5,98131,-0.5128055,0.3391039,1.850367,156.1324,139.3029,True,False,False,True,False,False,False,False,False,False,False,False,False,False,False,False,False,False,False,False,False,False,False,False,False,False,False,True
215,18,6,4,1,10346,5,98131,-0.39933,0.2321414,1.697008,171.6904,156.5262,True,False,False,False,False,False,False,False,False,False,False,False,False,False,False,False,False,False,False,False,False,False,False,False,True,False,False,True
215,18,6,4,1,10346,5,98131,-0.3293503,0.2060879,1.636381,184.3089,160.5692,True,False,False,False,False,False,False,True,False,False,False,False,False,False,False,False,False,False,False,False,False,False,False,False,False,False,False,True
215,18,6,4,1,10346,5,98131,-0.2417032,0.529549,2.044681,214.8473,111.4491,True,False,False,False,False,False,False,False,False,False,False,False,False,False,False,False,False,False,True,False,False,False,False,False,False,False,False,True
215,18,6,4,1,10346,5,98131,-0.1927897,0.2944623,1.963909,222.3372,151.8139,True,False,False,False,True,False,False,False,False,False,False,False,False,False,False,False,False,False,False,False,False,False,False,False,False,False,False,True
215,18,6,4,1,10346,5,98131,-0.271329,0.2228943,1.691314,199.3982,158.4538,True,False,False,False,False,False,False,False,False,False,False,False,False,False,False,False,False,False,False,False,False,False,False,False,False,True,False,True
215,18,6,4,1,10346,5,98131,-0.3136713,0.2040824,1.632544,187.6873,160.9226,True,False,False,False,False,False,False,False,True,False,False,False,False,False,False,False,False,False,False,False,False,False,False,False,False,False,False,True
215,18,6,4,1,10346,5,98131,-0.4650584,0.02220684,2.100978,176.9449,203.0644,True,False,False,False,False,False,False,False,False,False,False,False,True,False,False,False,False,False,False,False,False,False,False,False,False,False,False,True
215,18,6,4,1,10346,5,98131,-0.4707944,-0.3567489,2.204786,179.7287,266.5997,True,False,False,False,False,False,False,False,False,False,False,False,False,False,True,False,False,False,False,False,False,False,False,False,False,False,False,True
215,18,6,4,1,10346,5,98131,-0.4704219,-0.6564809,2.251531,181.2753,314.6398,True,True,False,False,False,False,False,False,False,False,False,False,False,False,False,False,False,False,False,False,False,False,False,False,False,False,False,True
215,18,6,4,1,10346,5,98131,-0.4890132,-0.7273356,2.175267,175.378,330.4978,True,False,False,False,False,True,False,False,False,False,False,False,False,False,False,False,False,False,False,False,False,False,False,False,False,False,False,True
215,18,6,4,1,10346,5,98131,-0.3062938,0.01652273,2.134627,205.7124,204.1115,True,False,False,False,False,False,False,False,False,False,False,False,False,True,False,False,False,False,False,False,False,False,False,False,False,False,False,True
215,18,6,4,1,10346,5,98131,-0.2638856,-0.3836567,2.237876,215.0416,270.0511,True,False,False,False,False,False,False,False,False,False,False,False,False,False,False,True,False,False,False,False,False,False,False,False,False,False,False,True
215,18,6,4,1,10346,5,98131,-0.1929898,-0.6443762,2.28248,227.2517,311.0893,True,False,True,False,False,False,False,False,False,False,False,False,False,False,False,False,False,False,False,False,False,False,False,False,False,False,False,True
215,18,6,4,1,10346,5,98131,-0.1661358,-0.7014486,2.222355,230.847,323.4558,True,False,False,False,False,False,True,False,False,False,False,False,False,False,False,False,False,False,False,False,False,False,False,False,False,False,False,True
215,18,6,4,1,10346,5,98131,-0.4187889,0.5569484,2.072033,183.8217,107.7212,True,False,False,False,False,False,False,False,False,False,False,False,False,False,False,False,False,False,False,False,False,True,False,False,False,False,False,True
215,18,6,4,1,10346,5,98131,-0.2963559,0.1841965,1.607706,190.582,164.7797,True,False,False,False,False,False,False,False,False,True,False,False,False,False,False,False,False,False,False,False,False,False,False,False,False,False,False,True
215,18,6,4,1,10346,5,98131,-0.3038853,0.2492013,1.626619,189.6226,150.5223,True,False,False,False,False,False,False,False,False,False,False,False,False,False,False,False,False,False,False,False,False,False,True,False,False,False,False,True
215,18,6,4,1,10346,5,98131,-0.3210427,0.1925379,1.604389,184.7458,162.7597,True,False,False,False,False,False,False,False,False,False,True,False,False,False,False,False,False,False,False,False,False,False,False,False,False,False,False,True
215,18,6,4,1,10346,5,98131,-0.2869536,0.1717872,1.613357,192.9816,167.7688,True,False,False,False,False,False,False,False,False,False,False,False,False,False,False,False,False,False,False,False,False,False,False,True,False,False,False,True
215,18,6,4,1,10347,5,98165,-0.3929399,0.02044808,2.152069,191.284,203.4611,True,False,False,False,False,False,False,False,False,False,False,False,False,False,False,False,False,False,False,True,False,False,False,False,False,False,False,True
215,18,6,4,1,10347,5,98165,-0.4082255,0.3300143,2.110965,187.1917,149.3582,True,False,False,False,False,False,False,False,False,False,False,False,False,False,False,False,False,False,False,False,True,False,False,False,False,False,False,True
215,18,6,4,1,10347,5,98165,-0.421125,0.6292248,2.055666,182.7698,93.89363,True,False,False,False,False,False,False,False,False,False,False,False,False,False,False,False,True,False,False,False,False,False,False,False,False,False,False,True
215,18,6,4,1,10347,5,98165,-0.4176976,0.7611476,2.054092,183.3041,70.04042,True,False,False,False,False,False,False,False,False,False,False,True,False,False,False,False,False,False,False,False,False,False,False,False,False,False,False,True
215,18,6,4,1,10347,5,98165,-0.5419486,0.521044,1.976454,157.1431,109.5666,True,False,False,False,False,False,False,False,False,False,False,False,False,False,False,False,False,True,False,False,False,False,False,False,False,False,False,True
215,18,6,4,1,10347,5,98165,-0.512913,0.3530957,1.832546,155.1013,135.8164,True,False,False,True,False,False,False,False,False,False,False,False,False,False,False,False,False,False,False,False,False,False,False,False,False,False,False,True
215,18,6,4,1,10347,5,98165,-0.3819078,0.243021,1.6612,173.6862,153.0243,True,False,False,False,False,False,False,False,False,False,False,False,False,False,False,False,False,False,False,False,False,False,False,False,True,False,False,True
215,18,6,4,1,10347,5,98165,-0.3230237,0.2390924,1.609988,184.5173,152.2407,True,False,False,False,False,False,False,True,False,False,False,False,False,False,False,False,False,False,False,False,False,False,False,False,False,False,False,True
215,18,6,4,1,10347,5,98165,-0.2414965,0.5294858,2.042383,214.8353,111.3525,True,False,False,False,False,False,False,False,False,False,False,False,False,False,False,False,False,False,True,False,False,False,False,False,False,False,False,True
215,18,6,4,1,10347,5,98165,-0.1886903,0.3110471,1.913983,222.1734,147.1727,True,False,False,False,True,False,False,False,False,False,False,False,False,False,False,False,False,False,False,False,False,False,False,False,False,False,False,True
215,18,6,4,1,10347,5,98165,-0.2562289,0.2690083,1.710042,203.2808,149.0459,True,False,False,False,False,False,False,False,False,False,False,False,False,False,False,False,False,False,False,False,False,False,False,False,False,True,False,True
215,18,6,4,1,10347,5,98165,-0.3115038,0.2384176,1.60775,187.0649,152.3273,True,False,False,False,False,False,False,False,True,False,False,False,False,False,False,False,False,False,False,False,False,False,False,False,False,False,False,True
215,18,6,4,1,10347,5,98165,-0.4663276,0.02366751,2.101263,176.7322,202.8089,True,False,False,False,False,False,False,False,False,False,False,False,True,False,False,False,False,False,False,False,False,False,False,False,False,False,False,True
215,18,6,4,1,10347,5,98165,-0.4708491,-0.3572868,2.20577,179.7546,266.6631,True,False,False,False,False,False,False,False,False,False,False,False,False,False,True,False,False,False,False,False,False,False,False,False,False,False,False,True
215,18,6,4,1,10347,5,98165,-0.4704108,-0.6564608,2.251503,181.2761,314.6378,True,True,False,False,False,False,False,False,False,False,False,False,False,False,False,False,False,False,False,False,False,False,False,False,False,False,False,True
215,18,6,4,1,10347,5,98165,-0.488987,-0.7273079,2.175215,175.3805,330.4961,True,False,False,False,False,True,False,False,False,False,False,False,False,False,False,False,False,False,False,False,False,False,False,False,False,False,False,True
215,18,6,4,1,10347,5,98165,-0.3069828,0.01717009,2.134697,205.5951,204.0001,True,False,False,False,False,False,False,False,False,False,False,False,False,True,False,False,False,False,False,False,False,False,False,False,False,False,False,True
215,18,6,4,1,10347,5,98165,-0.2639526,-0.3835743,2.237948,215.032,270.0355,True,False,False,False,False,False,False,False,False,False,False,False,False,False,False,True,False,False,False,False,False,False,False,False,False,False,False,True
215,18,6,4,1,10347,5,98165,-0.1904496,-0.6469185,2.285395,227.7012,311.3677,True,False,True,False,False,False,False,False,False,False,False,False,False,False,False,False,False,False,False,False,False,False,False,False,False,False,False,True
215,18,6,4,1,10347,5,98165,-0.1656077,-0.7030685,2.221731,230.9265,323.7595,True,False,False,False,False,False,True,False,False,False,False,False,False,False,False,False,False,False,False,False,False,False,False,False,False,False,False,True
215,18,6,4,1,10347,5,98165,-0.4186464,0.5566881,2.071427,183.8253,107.7387,True,False,False,False,False,False,False,False,False,False,False,False,False,False,False,False,False,False,False,False,False,True,False,False,False,False,False,True
215,18,6,4,1,10347,5,98165,-0.2955728,0.2193647,1.5828,189.6683,155.9159,True,False,False,False,False,False,False,False,False,True,False,False,False,False,False,False,False,False,False,False,False,False,False,False,False,False,False,True
215,18,6,4,1,10347,5,98165,-0.3034502,0.2854632,1.598381,188.4722,141.1357,True,False,False,False,False,False,False,False,False,False,False,False,False,False,False,False,False,False,False,False,False,False,True,False,False,False,False,True
215,18,6,4,1,10347,5,98165,-0.3170945,0.2172544,1.57485,184.2659,156.1364,True,False,False,False,False,False,False,False,False,False,True,False,False,False,False,False,False,False,False,False,False,False,False,False,False,False,False,True
215,18,6,4,1,10347,5,98165,-0.288294,0.1984494,1.592708,191.8016,161.0851,True,False,False,False,False,False,False,False,False,False,False,False,False,False,False,False,False,False,False,False,False,False,False,True,False,False,False,True
215,18,6,4,1,10348,5,98198,-0.3935928,0.02165508,2.151901,191.1667,203.2545,True,False,False,False,False,False,False,False,False,False,False,False,False,False,False,False,False,False,False,True,False,False,False,False,False,False,False,True
215,18,6,4,1,10348,5,98198,-0.4083523,0.3302722,2.110642,187.1584,149.3041,True,False,False,False,False,False,False,False,False,False,False,False,False,False,False,False,False,False,False,False,True,False,False,False,False,False,False,True
215,18,6,4,1,10348,5,98198,-0.4209848,0.6290318,2.055412,182.7857,93.91444,True,False,False,False,False,False,False,False,False,False,False,False,False,False,False,False,True,False,False,False,False,False,False,False,False,False,False,True
215,18,6,4,1,10348,5,98198,-0.4175,0.7609916,2.053555,183.32,70.03264,True,False,False,False,False,False,False,False,False,False,False,True,False,False,False,False,False,False,False,False,False,False,False,False,False,False,False,True
215,18,6,4,1,10348,5,98198,-0.5417123,0.532832,1.978053,157.2655,107.4403,True,False,False,False,False,False,False,False,False,False,False,False,False,False,False,False,False,True,False,False,False,False,False,False,False,False,False,True
215,18,6,4,1,10348,5,98198,-0.5152335,0.3693808,1.828271,154.3784,132.3523,True,False,False,True,False,False,False,False,False,False,False,False,False,False,False,False,False,False,False,False,False,False,False,False,False,False,True,False
215,18,6,4,1,10348,5,98198,-0.3775122,0.2882056,1.634732,173.2671,141.9323,True,False,False,False,False,False,False,False,False,False,False,False,False,False,False,False,False,False,False,False,False,False,False,False,True,False,False,True
215,18,6,4,1,10348,5,98198,-0.3165051,0.2782219,1.58189,184.6903,142.127,True,False,False,False,False,False,False,True,False,False,False,False,False,False,False,False,False,False,False,False,False,False,False,False,False,False,False,True
215,18,6,4,1,10348,5,98198,-0.2454801,0.5391593,2.036597,213.9837,109.3152,True,False,False,False,False,False,False,False,False,False,False,False,False,False,False,False,False,False,True,False,False,False,False,False,False,False,False,True
215,18,6,4,1,10348,5,98198,-0.1802085,0.3648718,1.890122,223.3436,135.8963,True,False,False,False,True,False,False,False,False,False,False,False,False,False,False,False,False,False,False,False,False,False,False,False,False,False,False,True
215,18,6,4,1,10348,5,98198,-0.2602114,0.2799993,1.679007,201.3724,145.5489,True,False,False,False,False,False,False,False,False,False,False,False,False,False,False,False,False,False,False,False,False,False,False,False,False,True,False,True
215,18,6,4,1,10348,5,98198,-0.3088191,0.2774199,1.580578,186.4285,142.2664,True,False,False,False,False,False,False,False,True,False,False,False,False,False,False,False,False,False,False,False,False,False,False,False,False,False,False,True
215,18,6,4,1,10348,5,98198,-0.4675567,0.02581915,2.101034,176.5066,202.4313,True,False,False,False,False,False,False,False,False,False,False,False,True,False,False,False,False,False,False,False,False,False,False,False,False,False,False,True
215,18,6,4,1,10348,5,98198,-0.4707654,-0.3575186,2.2061,179.7803,266.6929,True,False,False,False,False,False,False,False,False,False,False,False,False,False,True,False,False,False,False,False,False,False,False,False,False,False,False,True
215,18,6,4,1,10348,5,98198,-0.4704045,-0.6565307,2.251462,181.2757,314.6513,True,True,False,False,False,False,False,False,False,False,False,False,False,False,False,False,False,False,False,False,False,False,False,False,False,False,False,True
215,18,6,4,1,10348,5,98198,-0.4889888,-0.7272906,2.174991,175.3716,330.5059,True,False,False,False,False,True,False,False,False,False,False,False,False,False,False,False,False,False,False,False,False,False,False,False,False,False,False,True
215,18,6,4,1,10348,5,98198,-0.3072204,0.01758124,2.134606,205.5518,203.9292,True,False,False,False,False,False,False,False,False,False,False,False,False,True,False,False,False,False,False,False,False,False,False,False,False,False,False,True
215,18,6,4,1,10348,5,98198,-0.2642123,-0.3839196,2.238074,214.9915,270.089,True,False,False,False,False,False,False,False,False,False,False,False,False,False,False,True,False,False,False,False,False,False,False,False,False,False,False,True
215,18,6,4,1,10348,5,98198,-0.1904427,-0.6493351,2.288306,227.741,311.6261,True,False,True,False,False,False,False,False,False,False,False,False,False,False,False,False,False,False,False,False,False,False,False,False,False,False,False,True
215,18,6,4,1,10348,5,98198,-0.1653622,-0.7034947,2.220991,230.958,323.8698,True,False,False,False,False,False,True,False,False,False,False,False,False,False,False,False,False,False,False,False,False,False,False,False,False,False,False,True
215,18,6,4,1,10348,5,98198,-0.4185564,0.5565561,2.071192,183.8329,107.751,True,False,False,False,False,False,False,False,False,False,False,False,False,False,False,False,False,False,False,False,False,True,False,False,False,False,False,True
215,18,6,4,1,10348,5,98198,-0.2901782,0.2666841,1.557257,189.779,143.8542,True,False,False,False,False,False,False,False,False,True,False,False,False,False,False,False,False,False,False,False,False,False,False,False,False,False,False,True
215,18,6,4,1,10348,5,98198,-0.2688654,0.2725801,1.6075,196.8344,144.4995,True,False,False,False,False,False,False,False,False,False,False,False,False,False,False,False,False,False,False,False,False,False,True,False,False,False,False,True
215,18,6,4,1,10348,5,98198,-0.3193249,0.2675329,1.549317,182.4641,143.3029,True,False,False,False,False,False,False,False,False,False,True,False,False,False,False,False,False,False,False,False,False,False,False,False,False,False,False,True
215,18,6,4,1,10348,5,98198,-0.3518741,0.2519571,1.595467,177.1366,148.7393,True,False,False,False,False,False,False,False,False,False,False,False,False,False,False,False,False,False,False,False,False,False,False,True,False,False,False,True
215,18,6,4,1,10349,5,98230,-0.3936259,0.02145438,2.152535,191.1808,203.2899,True,False,False,False,False,False,False,False,False,False,False,False,False,False,False,False,False,False,False,True,False,False,False,False,False,False,False,True
215,18,6,4,1,10349,5,98230,-0.4084404,0.3319343,2.110499,187.1371,149.0092,True,False,False,False,False,False,False,False,False,False,False,False,False,False,False,False,False,False,False,False,True,False,False,False,False,False,False,True
215,18,6,4,1,10349,5,98230,-0.420961,0.6361726,2.053741,182.7255,92.53369,True,False,False,False,False,False,False,False,False,False,False,False,False,False,False,False,True,False,False,False,False,False,False,False,False,False,False,True
215,18,6,4,1,10349,5,98230,-0.4173166,0.7607545,2.05356,183.3531,70.07559,True,False,False,False,False,False,False,False,False,False,False,True,False,False,False,False,False,False,False,False,False,False,False,False,False,False,False,True
215,18,6,4,1,10349,5,98230,-0.5402811,0.5410048,1.979535,157.6065,105.9876,True,False,False,False,False,False,False,False,False,False,False,False,False,False,False,False,False,True,False,False,False,False,False,False,False,False,False,True
215,18,6,4,1,10349,5,98230,-0.5239465,0.3777464,1.796494,150.7252,129.2977,True,False,False,True,False,False,False,False,False,False,False,False,False,False,False,False,False,False,False,False,False,False,False,False,False,False,False,True
215,18,6,4,1,10349,5,98230,-0.3813259,0.3143842,1.621178,171.6583,135.4089,True,False,False,False,False,False,False,False,False,False,False,False,False,False,False,False,False,False,False,False,False,False,False,False,True,False,False,True
215,18,6,4,1,10349,5,98230,-0.3170741,0.3218378,1.559808,183.4683,130.8581,True,False,False,False,False,False,False,True,False,False,False,False,False,False,False,False,False,False,False,False,False,False,False,False,False,False,False,True
215,18,6,4,1,10349,5,98230,-0.2480743,0.5459127,2.034389,213.461,107.9757,True,False,False,False,False,False,False,False,False,False,False,False,False,False,False,False,False,False,True,False,False,False,False,False,False,False,False,True
215,18,6,4,1,10349,5,98230,-0.1755475,0.3862923,1.893378,224.3023,131.8366,True,False,False,False,True,False,False,False,False,False,False,False,False,False,False,False,False,False,False,False,False,False,False,False,False,False,False,True
215,18,6,4,1,10349,5,98230,-0.2618814,0.3201617,1.657589,200.2305,135.7926,True,False,False,False,False,False,False,False,False,False,False,False,False,False,False,False,False,False,False,False,False,False,False,False,False,True,False,True
215,18,6,4,1,10349,5,98230,-0.3062964,0.322799,1.557631,185.9224,130.5316,True,False,False,False,False,False,False,False,True,False,False,False,False,False,False,False,False,False,False,False,False,False,False,False,False,False,False,True
215,18,6,4,1,10349,5,98230,-0.4674017,0.02542403,2.101804,176.5641,202.5022,True,False,False,False,False,False,False,False,False,False,False,False,True,False,False,False,False,False,False,False,False,False,False,False,False,False,False,True
215,18,6,4,1,10349,5,98230,-0.4713825,-0.3594576,2.207222,179.716,266.9873,True,False,False,False,False,False,False,False,False,False,False,False,False,False,True,False,False,False,False,False,False,False,False,False,False,False,False,True
215,18,6,4,1,10349,5,98230,-0.4702401,-0.6558498,2.251581,181.3071,314.5334,True,True,False,False,False,False,False,False,False,False,False,False,False,False,False,False,False,False,False,False,False,False,False,False,False,False,False,True
215,18,6,4,1,10349,5,98230,-0.4894864,-0.7276052,2.176571,175.3474,330.4696,True,False,False,False,False,True,False,False,False,False,False,False,False,False,False,False,False,False,False,False,False,False,False,False,False,False,False,True
215,18,6,4,1,10349,5,98230,-0.3074151,0.01744533,2.135193,205.5328,203.9534,True,False,False,False,False,False,False,False,False,False,False,False,False,True,False,False,False,False,False,False,False,False,False,False,False,False,False,True
215,18,6,4,1,10349,5,98230,-0.2642326,-0.3839419,2.238054,214.9878,270.0932,True,False,False,False,False,False,False,False,False,False,False,False,False,False,False,True,False,False,False,False,False,False,False,False,False,False,False,True
215,18,6,4,1,10349,5,98230,-0.1910973,-0.6478379,2.287551,227.6256,311.4181,True,False,True,False,False,False,False,False,False,False,False,False,False,False,False,False,False,False,False,False,False,False,False,False,False,False,False,True
215,18,6,4,1,10349,5,98230,-0.1660955,-0.7029997,2.222019,230.8491,323.7328,True,False,False,False,False,False,True,False,False,False,False,False,False,False,False,False,False,False,False,False,False,False,False,False,False,False,False,True
215,18,6,4,1,10349,5,98230,-0.4185007,0.5615681,2.070081,183.7999,106.8,True,False,False,False,False,False,False,False,False,False,False,False,False,False,False,False,False,False,False,False,False,True,False,False,False,False,False,True
215,18,6,4,1,10349,5,98230,-0.2883263,0.3115269,1.532534,189.074,132.0086,True,False,False,False,False,False,False,False,False,True,False,False,False,False,False,False,False,False,False,False,False,False,False,False,False,False,False,True
215,18,6,4,1,10349,5,98230,-0.2685255,0.3124816,1.582636,195.9095,134.1898,True,False,False,False,False,False,False,False,False,False,False,False,False,False,False,False,False,False,False,False,False,False,True,False,False,False,False,True
215,18,6,4,1,10349,5,98230,-0.3157694,0.3169411,1.525643,182.0982,130.3311,True,False,False,False,False,False,False,False,False,False,True,False,False,False,False,False,False,False,False,False,False,False,False,False,False,False,False,True
215,18,6,4,1,10349,5,98230,-0.3527374,0.3023545,1.57475,175.8165,136.1341,True,False,False,False,False,False,False,False,False,False,False,False,False,False,False,False,False,False,False,False,False,False,False,True,False,False,False,True
215,18,6,4,1,10350,5,98266,-0.3925975,0.01646383,2.154014,191.4038,204.1446,True,False,False,False,False,False,False,False,False,False,False,False,False,False,False,False,False,False,False,True,False,False,False,False,False,False,False,True
215,18,6,4,1,10350,5,98266,-0.4083723,0.3321101,2.110484,187.1484,148.978,True,False,False,False,False,False,False,False,False,False,False,False,False,False,False,False,False,False,False,False,True,False,False,False,False,False,False,True
215,18,6,4,1,10350,5,98266,-0.4210647,0.6413492,2.053166,182.6837,91.56731,True,False,False,False,False,False,False,False,False,False,False,False,False,False,False,False,True,False,False,False,False,False,False,False,False,False,False,True
215,18,6,4,1,10350,5,98266,-0.4163799,0.762747,2.052326,183.4767,69.63478,True,False,False,False,False,False,False,False,False,False,False,True,False,False,False,False,False,False,False,False,False,False,False,False,False,False,False,True
215,18,6,4,1,10350,5,98266,-0.538906,0.5483445,1.979975,157.8838,104.6389,True,False,False,False,False,False,False,False,False,False,False,False,False,False,False,False,False,True,False,False,False,False,False,False,False,False,False,True
215,18,6,4,1,10350,5,98266,-0.5272454,0.4364828,1.785786,149.3663,116.6589,True,False,False,True,False,False,False,False,False,False,False,False,False,False,False,False,False,False,False,False,False,False,False,False,False,False,False,True
215,18,6,4,1,10350,5,98266,-0.3970442,0.376759,1.615883,167.7217,120.8727,True,False,False,False,False,False,False,False,False,False,False,False,False,False,False,False,False,False,False,False,False,False,False,False,True,False,False,True
215,18,6,4,1,10350,5,98266,-0.3097955,0.3729756,1.533742,183.8992,117.2135,True,False,False,False,False,False,False,True,False,False,False,False,False,False,False,False,False,False,False,False,False,False,False,False,False,False,False,True
215,18,6,4,1,10350,5,98266,-0.2500842,0.5525987,2.031911,213.0372,106.6324,True,False,False,False,False,False,False,False,False,False,False,False,False,False,False,False,False,False,True,False,False,False,False,False,False,False,False,True
215,18,6,4,1,10350,5,98266,-0.1761497,0.4093278,1.848349,223.335,125.3814,True,False,False,False,True,False,False,False,False,False,False,False,False,False,False,False,False,False,False,False,False,False,False,False,False,False,False,True
215,18,6,4,1,10350,5,98266,-0.2602825,0.3659295,1.626024,199.4223,123.9838,True,False,False,False,False,False,False,False,False,False,False,False,False,False,False,False,False,False,False,False,False,False,False,False,False,True,False,True
215,18,6,4,1,10350,5,98266,-0.3039355,0.3729429,1.533917,185.3214,117.2364,True,False,False,False,False,False,False,False,True,False,False,False,False,False,False,False,False,False,False,False,False,False,False,False,False,False,False,True
215,18,6,4,1,10350,5,98266,-0.4666531,0.01914829,2.104174,176.7889,203.6054,True,False,False,False,False,False,False,False,False,False,False,False,True,False,False,False,False,False,False,False,False,False,False,False,False,False,False,True
215,18,6,4,1,10350,5,98266,-0.4720492,-0.3614666,2.20726,179.6045,267.323,True,False,False,False,False,False,False,False,False,False,False,False,False,False,True,False,False,False,False,False,False,False,False,False,False,False,False,True
215,18,6,4,1,10350,5,98266,-0.4699919,-0.655877,2.251503,181.3452,314.5416,True,True,False,False,False,False,False,False,False,False,False,False,False,False,False,False,False,False,False,False,False,False,False,False,False,False,False,True
215,18,6,4,1,10350,5,98266,-0.4900371,-0.7280073,2.177283,175.2811,330.4975,True,False,False,False,False,True,False,False,False,False,False,False,False,False,False,False,False,False,False,False,False,False,False,False,False,False,False,True
215,18,6,4,1,10350,5,98266,-0.3061665,0.01332255,2.135975,205.7678,204.6638,True,False,False,False,False,False,False,False,False,False,False,False,False,True,False,False,False,False,False,False,False,False,False,False,False,False,False,True
215,18,6,4,1,10350,5,98266,-0.2639919,-0.3844545,2.238186,215.0298,270.174,True,False,False,False,False,False,False,False,False,False,False,False,False,False,False,True,False,False,False,False,False,False,False,False,False,False,False,True
215,18,6,4,1,10350,5,98266,-0.1906487,-0.6493117,2.288397,227.709,311.6181,True,False,True,False,False,False,False,False,False,False,False,False,False,False,False,False,False,False,False,False,False,False,False,False,False,False,False,True
215,18,6,4,1,10350,5,98266,-0.1660575,-0.703572,2.220954,230.8419,323.8849,True,False,False,False,False,False,True,False,False,False,False,False,False,False,False,False,False,False,False,False,False,False,False,False,False,False,False,True
215,18,6,4,1,10350,5,98266,-0.4184428,0.5649227,2.069672,183.7936,106.1793,True,False,False,False,False,False,False,False,False,False,False,False,False,False,False,False,False,False,False,False,False,True,False,False,False,False,False,True
215,18,6,4,1,10350,5,98266,-0.2823792,0.3682954,1.509564,189.4209,116.9375,True,False,False,False,False,False,False,False,False,True,False,False,False,False,False,False,False,False,False,False,False,False,False,False,False,False,False,True
215,18,6,4,1,10350,5,98266,-0.266224,0.3615591,1.561333,195.5563,121.554,True,False,False,False,False,False,False,False,False,False,False,False,False,False,False,False,False,False,False,False,False,False,True,False,False,False,False,True
215,18,6,4,1,10350,5,98266,-0.3144161,0.3683276,1.499061,181.0259,116.2684,True,False,False,False,False,False,False,False,False,False,True,False,False,False,False,False,False,False,False,False,False,False,False,False,False,False,False,True
215,18,6,4,1,10350,5,98266,-0.3530697,0.3642455,1.547316,174.2118,120.0619,True,False,False,False,False,False,False,False,False,False,False,False,False,False,False,False,False,False,False,False,False,False,False,True,False,False,False,True
215,18,6,4,1,10351,5,98299,-0.3929249,0.009782284,2.154915,191.376,205.2862,True,False,False,False,False,False,False,False,False,False,False,False,False,False,False,False,False,False,False,True,False,False,False,False,False,False,False,True
215,18,6,4,1,10351,5,98299,-0.4084035,0.3333582,2.109775,187.1181,148.7399,True,False,False,False,False,False,False,False,False,False,False,False,False,False,False,False,False,False,False,False,True,False,False,False,False,False,False,True
215,18,6,4,1,10351,5,98299,-0.4208382,0.6574749,2.048178,182.534,88.36863,True,False,False,False,False,False,False,False,False,False,False,False,False,False,False,False,True,False,False,False,False,False,False,False,False,False,False,True
215,18,6,4,1,10351,5,98299,-0.4120292,0.7780995,2.046149,184.0376,66.45085,True,False,False,False,False,False,False,False,False,False,False,True,False,False,False,False,False,False,False,False,False,False,False,False,False,False,False,True
215,18,6,4,1,10351,5,98299,-0.5394713,0.5539233,1.980113,157.7836,103.6033,True,False,False,False,False,False,False,False,False,False,False,False,False,False,False,False,False,True,False,False,False,False,False,False,False,False,True,False
215,18,6,4,1,10351,5,98299,-0.4687837,0.4363143,1.715283,157.4848,112.9934,True,False,False,True,False,False,False,False,False,False,False,False,False,False,False,False,False,False,False,False,False,False,False,False,False,False,False,True
215,18,6,4,1,10351,5,98299,-0.3412465,0.4156764,1.538431,176.5298,107.1805,True,False,False,False,False,False,False,False,False,False,False,False,False,False,False,False,False,False,False,False,False,False,False,False,True,False,False,True
215,18,6,4,1,10351,5,98299,-0.3132206,0.4263402,1.517915,182.2421,103.2395,True,False,False,False,False,False,False,True,False,False,False,False,False,False,False,False,False,False,False,False,False,False,False,False,False,False,False,True
215,18,6,4,1,10351,5,98299,-0.2507401,0.5537531,2.031129,212.8998,106.3823,True,False,False,False,False,False,False,False,False,False,False,False,False,False,False,False,False,False,True,False,False,False,False,False,False,False,False,True
215,18,6,4,1,10351,5,98299,-0.1745742,0.4190351,1.85252,223.7237,123.6262,True,False,False,False,True,False,False,False,False,False,False,False,False,False,False,False,False,False,False,False,False,False,False,False,False,False,False,True
215,18,6,4,1,10351,5,98299,-0.2481295,0.4193216,1.630777,202.3111,112.1025,True,False,False,False,False,False,False,False,False,False,False,False,False,False,False,False,False,False,False,False,False,False,False,False,False,True,False,True
215,18,6,4,1,10351,5,98299,-0.3021879,0.4274219,1.514822,184.7796,102.7692,True,False,False,False,False,False,False,False,True,False,False,False,False,False,False,False,False,False,False,False,False,False,False,False,False,False,False,True
215,18,6,4,1,10351,5,98299,-0.4672406,0.01087707,2.106518,176.7773,205.0547,True,False,False,False,False,False,False,False,False,False,False,False,True,False,False,False,False,False,False,False,False,False,False,False,False,False,False,True
215,18,6,4,1,10351,5,98299,-0.4717326,-0.3620817,2.207517,179.6664,267.4187,True,False,False,False,False,False,False,False,False,False,False,False,False,False,True,False,False,False,False,False,False,False,False,False,False,False,False,True
215,18,6,4,1,10351,5,98299,-0.4696323,-0.6553604,2.251611,181.4082,314.4512,True,True,False,False,False,False,False,False,False,False,False,False,False,False,False,False,False,False,False,False,False,False,False,False,False,False,False,True
215,18,6,4,1,10351,5,98299,-0.4901094,-0.7278581,2.17719,175.2653,330.4774,True,False,False,False,False,True,False,False,False,False,False,False,False,False,False,False,False,False,False,False,False,False,False,False,False,False,False,True
215,18,6,4,1,10351,5,98299,-0.3062716,0.008043244,2.135673,205.7423,205.5719,True,False,False,False,False,False,False,False,False,False,False,False,False,True,False,False,False,False,False,False,False,False,False,False,False,False,False,True
215,18,6,4,1,10351,5,98299,-0.2649592,-0.3873216,2.237968,214.865,270.6538,True,False,False,False,False,False,False,False,False,False,False,False,False,False,False,True,False,False,False,False,False,False,False,False,False,False,False,True
215,18,6,4,1,10351,5,98299,-0.1913602,-0.6486612,2.286879,227.5738,311.5827,True,False,True,False,False,False,False,False,False,False,False,False,False,False,False,False,False,False,False,False,False,False,False,False,False,False,False,True
215,18,6,4,1,10351,5,98299,-0.1656415,-0.7039343,2.22209,230.9252,323.8852,True,False,False,False,False,False,True,False,False,False,False,False,False,False,False,False,False,False,False,False,False,False,False,False,False,False,False,True
215,18,6,4,1,10351,5,98299,-0.4182865,0.5764679,2.065883,183.678,103.9219,True,False,False,False,False,False,False,False,False,False,False,False,False,False,False,False,False,False,False,False,False,True,False,False,False,False,False,True
215,18,6,4,1,10351,5,98299,-0.2804518,0.4263155,1.487059,188.8044,101.1033,True,False,False,False,False,False,False,False,False,True,False,False,False,False,False,False,False,False,False,False,False,False,False,False,False,False,False,True
215,18,6,4,1,10351,5,98299,-0.3006585,0.4730366,1.502923,184.5429,90.69155,True,False,False,False,False,False,False,False,False,False,False,False,False,False,False,False,False,False,False,False,False,False,True,False,False,False,False,True
215,18,6,4,1,10351,5,98299,-0.3140626,0.4292269,1.47456,179.7762,99.44705,True,False,False,False,False,False,False,False,False,False,True,False,False,False,False,False,False,False,False,False,False,False,False,False,False,False,False,True
215,18,6,4,1,10351,5,98299,-0.3467409,0.4070371,1.5291,174.7029,108.6578,True,False,False,False,False,False,False,False,False,False,False,False,False,False,False,False,False,False,False,False,False,False,False,True,False,False,False,True
215,18,6,4,1,10352,5,98331,-0.3892938,-0.02080625,2.158916,192.1219,210.5002,True,False,False,False,False,False,False,False,False,False,False,False,False,False,False,False,False,False,False,True,False,False,False,False,False,False,False,True
215,18,6,4,1,10352,5,98331,-0.3650357,0.3431656,2.116598,194.9192,147.241,True,False,False,False,False,False,False,False,False,False,False,False,False,False,False,False,False,False,False,False,True,False,False,False,False,False,False,True
215,18,6,4,1,10352,5,98331,-0.3336788,0.7049341,2.062195,198.6656,80.67649,True,False,False,False,False,False,False,False,False,False,False,False,False,False,False,False,True,False,False,False,False,False,False,False,False,False,False,True
215,18,6,4,1,10352,5,98331,-0.4170786,0.7881719,2.049215,183.2403,64.84837,True,False,False,False,False,False,False,False,False,False,False,True,False,False,False,False,False,False,False,False,False,False,False,False,False,False,False,True
215,18,6,4,1,10352,5,98331,-0.5307437,0.4667144,1.995917,160.2378,120.6012,True,False,False,False,False,False,False,False,False,False,False,False,False,False,False,False,False,True,False,False,False,False,False,False,False,False,False,True
215,18,6,4,1,10352,5,98331,-0.5047519,0.4581655,1.744885,151.5654,109.9456,True,False,False,True,False,False,False,False,False,False,False,False,False,False,False,False,False,False,False,False,False,False,False,False,False,False,False,True
215,18,6,4,1,10352,5,98331,-0.3767999,0.4677119,1.567606,169.6406,96.73185,True,False,False,False,False,False,False,False,False,False,False,False,False,False,False,False,False,False,False,False,False,False,False,False,True,False,False,True
215,18,6,4,1,10352,5,98331,-0.3118082,0.4840865,1.504363,181.868,88.07732,True,False,False,False,False,False,False,True,False,False,False,False,False,False,False,False,False,False,False,False,False,False,False,False,False,False,False,True
215,18,6,4,1,10352,5,98331,-0.2628663,0.4884661,2.044905,211.0515,118.8979,True,False,False,False,False,False,False,False,False,False,False,False,False,False,False,False,False,False,True,False,False,False,False,False,False,False,False,True
215,18,6,4,1,10352,5,98331,-0.1839046,0.4672521,1.79455,220.653,110.9502,True,False,False,False,True,False,False,False,False,False,False,False,False,False,False,False,False,False,False,False,False,False,False,False,False,False,False,True
215,18,6,4,1,10352,5,98331,-0.2879688,0.443392,1.585693,191.3975,103.7295,True,False,False,False,False,False,False,False,False,False,False,False,False,False,False,False,False,False,False,False,False,False,False,False,False,True,False,True
215,18,6,4,1,10352,5,98331,-0.3059832,0.4821474,1.507215,183.4435,88.78207,True,False,False,False,False,False,False,False,True,False,False,False,False,False,False,False,False,False,False,False,False,False,False,False,False,False,False,True
215,18,6,4,1,10352,5,98331,-0.4668689,-0.02269512,2.108489,176.9189,210.9186,True,False,False,False,False,False,False,False,False,False,False,False,True,False,False,False,False,False,False,False,False,False,False,False,False,False,False,True
215,18,6,4,1,10352,5,98331,-0.4718198,-0.3629116,2.207505,179.6509,267.558,True,False,False,False,False,False,False,False,False,False,False,False,False,False,True,False,False,False,False,False,False,False,False,False,False,False,False,True
215,18,6,4,1,10352,5,98331,-0.4696596,-0.6550975,2.251673,181.406,314.405,True,True,False,False,False,False,False,False,False,False,False,False,False,False,False,False,False,False,False,False,False,False,False,False,False,False,False,True
215,18,6,4,1,10352,5,98331,-0.4905157,-0.7280586,2.178653,175.2522,330.4285,True,False,False,False,False,True,False,False,False,False,False,False,False,False,False,False,False,False,False,False,False,False,False,False,False,False,False,True
215,18,6,4,1,10352,5,98331,-0.2997127,-0.01876569,2.141165,207.0066,210.1761,True,False,False,False,False,False,False,False,False,False,False,False,False,True,False,False,False,False,False,False,False,False,False,False,False,False,False,True
215,18,6,4,1,10352,5,98331,-0.2653726,-0.3874293,2.237908,214.7957,270.6735,True,False,False,False,False,False,False,False,False,False,False,False,False,False,False,True,False,False,False,False,False,False,False,False,False,False,False,True
215,18,6,4,1,10352,5,98331,-0.1917384,-0.6480021,2.288685,227.5376,311.3928,True,False,True,False,False,False,False,False,False,False,False,False,False,False,False,False,False,False,False,False,False,False,False,False,False,False,False,True
215,18,6,4,1,10352,5,98331,-0.1661679,-0.7026759,2.222598,230.8443,323.6482,True,False,False,False,False,False,True,False,False,False,False,False,False,False,False,False,False,False,False,False,False,False,False,False,False,False,False,True
215,18,6,4,1,10352,5,98331,-0.3409393,0.6165233,2.077906,197.8612,97.41136,True,False,False,False,False,False,False,False,False,False,False,False,False,False,False,False,False,False,False,False,False,True,False,False,False,False,False,True
215,18,6,4,1,10352,5,98331,-0.2808566,0.4922656,1.471013,187.9035,83.3252,True,False,False,False,False,False,False,False,False,True,False,False,False,False,False,False,False,False,False,False,False,False,False,False,False,False,False,True
215,18,6,4,1,10352,5,98331,-0.3275036,0.5033321,1.464464,175.8093,79.96332,True,False,False,False,False,False,False,False,False,False,False,False,False,False,False,False,False,False,False,False,False,False,True,False,False,False,False,True
215,18,6,4,1,10352,5,98331,-0.3170982,0.4924767,1.459313,178.1545,82.26717,True,False,False,False,False,False,False,False,False,False,True,False,False,False,False,False,False,False,False,False,False,False,False,False,False,False,False,True
215,18,6,4,1,10352,5,98331,-0.359468,0.4634972,1.522727,171.2267,94.50369,True,False,False,False,False,False,False,False,False,False,False,False,False,False,False,False,False,False,False,False,False,False,False,True,False,False,False,True
215,18,6,4,1,10353,5,98364,-0.388321,-0.0173736,2.155404,192.1802,209.9203,True,False,False,False,False,False,False,False,False,False,False,False,False,False,False,False,False,False,False,True,False,False,False,False,False,False,False,True
215,18,6,4,1,10353,5,98364,-0.371847,0.3357075,2.111389,193.5734,148.3938,True,False,False,False,False,False,False,False,False,False,False,False,False,False,False,False,False,False,False,False,True,False,False,False,False,False,False,True
215,18,6,4,1,10353,5,98364,-0.3708434,0.6524839,2.051666,191.6769,89.48957,True,False,False,False,False,False,False,False,False,False,False,False,False,False,False,False,True,False,False,False,False,False,False,False,False,False,False,True
215,18,6,4,1,10353,5,98364,-0.4111648,0.7818576,2.053953,184.4757,66.30852,True,False,False,False,False,False,False,False,False,False,False,True,False,False,False,False,False,False,False,False,False,False,False,False,False,False,False,True
215,18,6,4,1,10353,5,98364,-0.5304033,0.4662688,1.995972,160.304,120.6864,True,False,False,False,False,False,False,False,False,False,False,False,False,False,False,False,False,True,False,False,False,False,False,False,False,False,False,True
215,18,6,4,1,10353,5,98364,-0.4953608,0.4974228,1.741613,153.3493,101.428,True,False,False,True,False,False,False,False,False,False,False,False,False,False,False,False,False,False,False,False,False,False,False,False,False,False,False,True
215,18,6,4,1,10353,5,98364,-0.3787994,0.5213878,1.553407,168.3387,82.939,True,False,False,False,False,False,False,False,False,False,False,False,False,False,False,False,False,False,False,False,False,False,False,False,True,False,False,True
215,18,6,4,1,10353,5,98364,-0.319438,0.5416485,1.497604,179.6272,73.31918,True,False,False,False,False,False,False,True,False,False,False,False,False,False,False,False,False,False,False,False,False,False,False,False,False,False,False,True
215,18,6,4,1,10353,5,98364,-0.2642466,0.4920208,2.044072,210.7809,118.2165,True,False,False,False,False,False,False,False,False,False,False,False,False,False,False,False,False,False,True,False,False,False,False,False,False,False,False,True
215,18,6,4,1,10353,5,98364,-0.204755,0.5171711,1.778273,215.9509,99.6376,True,False,False,False,True,False,False,False,False,False,False,False,False,False,False,False,False,False,False,False,False,False,False,False,False,False,False,True
215,18,6,4,1,10353,5,98364,-0.2881549,0.4424991,1.585244,191.3356,103.9089,True,False,False,False,False,False,False,False,False,False,False,False,False,False,False,False,False,False,False,False,False,False,False,False,False,True,False,True
215,18,6,4,1,10353,5,98364,-0.3013104,0.5196961,1.520219,185.2106,80.65147,True,False,False,False,False,False,False,False,True,False,False,False,False,False,False,False,False,False,False,False,False,False,False,False,False,False,True,False
215,18,6,4,1,10353,5,98364,-0.4663612,-0.01744254,2.103032,176.7958,210.0094,True,False,False,False,False,False,False,False,False,False,False,False,True,False,False,False,False,False,False,False,False,False,False,False,False,False,False,True
215,18,6,4,1,10353,5,98364,-0.4720268,-0.3514738,2.20159,179.4093,265.8022,True,False,False,False,False,False,False,False,False,False,False,False,False,False,True,False,False,False,False,False,False,False,False,False,False,False,False,True
215,18,6,4,1,10353,5,98364,-0.4695445,-0.655073,2.251451,181.4173,314.4115,True,True,False,False,False,False,False,False,False,False,False,False,False,False,False,False,False,False,False,False,False,False,False,False,False,False,False,True
215,18,6,4,1,10353,5,98364,-0.4902943,-0.7276942,2.177654,175.2516,330.4233,True,False,False,False,False,True,False,False,False,False,False,False,False,False,False,False,False,False,False,False,False,False,False,False,False,False,False,True
215,18,6,4,1,10353,5,98364,-0.2984017,-0.01659526,2.139044,207.1814,209.8065,True,False,False,False,False,False,False,False,False,False,False,False,False,True,False,False,False,False,False,False,False,False,False,False,False,False,False,True
215,18,6,4,1,10353,5,98364,-0.265071,-0.3842605,2.236197,214.8132,270.1989,True,False,False,False,False,False,False,False,False,False,False,False,False,False,False,True,False,False,False,False,False,False,False,False,False,False,False,True
215,18,6,4,1,10353,5,98364,-0.1926724,-0.6482207,2.285566,227.3442,311.5721,True,False,True,False,False,False,False,False,False,False,False,False,False,False,False,False,False,False,False,False,False,False,False,False,False,False,False,True
215,18,6,4,1,10353,5,98364,-0.1654862,-0.7037121,2.222308,230.9537,323.8365,True,False,False,False,False,False,True,False,False,False,False,False,False,False,False,False,False,False,False,False,False,False,False,False,False,False,False,True
215,18,6,4,1,10353,5,98364,-0.3733885,0.5728557,2.067109,191.7594,104.6545,True,False,False,False,False,False,False,False,False,False,False,False,False,False,False,False,False,False,False,False,False,True,False,False,False,False,False,True
215,18,6,4,1,10353,5,98364,-0.285221,0.5583556,1.457647,186.1422,65.4245,True,False,False,False,False,False,False,False,False,True,False,False,False,False,False,False,False,False,False,False,False,False,False,False,False,False,False,True
215,18,6,4,1,10353,5,98364,-0.3370073,0.5716147,1.468647,173.6695,63.17303,True,False,False,False,False,False,False,False,False,False,False,False,False,False,False,False,False,False,False,False,False,False,True,False,False,False,False,True
215,18,6,4,1,10353,5,98364,-0.3110588,0.5204047,1.479626,180.7626,77.00133,True,False,False,False,False,False,False,False,False,False,True,False,False,False,False,False,False,False,False,False,False,False,False,False,False,False,False,True
215,18,6,4,1,10353,5,98364,-0.3438582,0.5110469,1.499231,173.6947,81.00671,True,False,False,False,False,False,False,False,False,False,False,False,False,False,False,False,False,False,False,False,False,False,False,True,False,False,False,True
215,18,6,4,1,10354,5,98397,-0.3859268,0.009785127,2.141387,192.1578,205.2752,True,False,False,False,False,False,False,False,False,False,False,False,False,False,False,False,False,False,False,True,False,False,False,False,False,False,False,True
215,18,6,4,1,10354,5,98397,-0.38861,0.329333,2.097773,190.1992,149.1245,True,False,False,False,False,False,False,False,False,False,False,False,False,False,False,False,False,False,False,False,True,False,False,False,False,False,False,True
215,18,6,4,1,10354,5,98397,-0.4056259,0.6238044,2.033575,184.7653,93.65355,True,False,False,False,False,False,False,False,False,False,False,False,False,False,False,False,True,False,False,False,False,False,False,False,False,False,False,True
215,18,6,4,1,10354,5,98397,-0.452031,0.7488967,2.03228,176.2573,70.80133,True,False,False,False,False,False,False,False,False,False,False,True,False,False,False,False,False,False,False,False,False,False,False,False,False,False,True,False
215,18,6,4,1,10354,5,98397,-0.5282634,0.4702219,1.99507,160.6547,119.9147,True,False,False,False,False,False,False,False,False,False,False,False,False,False,False,False,False,True,False,False,False,False,False,False,False,False,False,True
215,18,6,4,1,10354,5,98397,-0.4725342,0.5360197,1.710143,156.3442,91.14375,True,False,False,True,False,False,False,False,False,False,False,False,False,False,False,False,False,False,False,False,False,False,False,False,False,False,False,True
215,18,6,4,1,10354,5,98397,-0.365967,0.5778555,1.523983,169.7246,66.87633,True,False,False,False,False,False,False,False,False,False,False,False,False,False,False,False,False,False,False,False,False,False,False,False,True,False,False,True
215,18,6,4,1,10354,5,98397,-0.3341167,0.5994637,1.497316,176.0126,59.06743,True,False,False,False,False,False,False,True,False,False,False,False,False,False,False,False,False,False,False,False,False,False,False,False,False,False,False,True
215,18,6,4,1,10354,5,98397,-0.2683102,0.5227232,2.035224,209.819,112.2329,True,False,False,False,False,False,False,False,False,False,False,False,False,False,False,False,False,False,True,False,False,False,False,False,False,False,False,True
215,18,6,4,1,10354,5,98397,-0.204375,0.5402251,1.796475,216.4516,95.96886,True,False,False,False,True,False,False,False,False,False,False,False,False,False,False,False,False,False,False,False,False,False,False,False,False,False,False,True
215,18,6,4,1,10354,5,98397,-0.2682033,0.5764887,1.560726,194.945,70.47755,True,False,False,False,False,False,False,False,False,False,False,False,False,False,False,False,False,False,False,False,False,False,False,False,False,True,False,True
215,18,6,4,1,10354,5,98397,-0.3080152,0.6082253,1.487742,181.9628,55.94005,True,False,False,False,False,False,False,False,True,False,False,False,False,False,False,False,False,False,False,False,False,False,False,False,False,False,False,True
215,18,6,4,1,10354,5,98397,-0.4654548,0.01039794,2.086961,176.3244,205.1214,True,False,False,False,False,False,False,False,False,False,False,False,True,False,False,False,False,False,False,False,False,False,False,False,False,False,False,True
215,18,6,4,1,10354,5,98397,-0.4720141,-0.3448924,2.198668,179.3093,264.7749,True,False,False,False,False,False,False,False,False,False,False,False,False,False,True,False,False,False,False,False,False,False,False,False,False,False,False,True
215,18,6,4,1,10354,5,98397,-0.4694927,-0.6551816,2.251403,181.4241,314.4317,True,True,False,False,False,False,False,False,False,False,False,False,False,False,False,False,False,False,False,False,False,False,False,False,False,False,False,True
215,18,6,4,1,10354,5,98397,-0.4906537,-0.7280143,2.178114,175.2082,330.4515,True,False,False,False,False,True,False,False,False,False,False,False,False,False,False,False,False,False,False,False,False,False,False,False,False,False,False,True
215,18,6,4,1,10354,5,98397,-0.2943415,0.008805798,2.127456,207.6048,205.435,True,False,False,False,False,False,False,False,False,False,False,False,False,True,False,False,False,False,False,False,False,False,False,False,False,False,False,True
215,18,6,4,1,10354,5,98397,-0.2655906,-0.3751661,2.23242,214.6569,268.802,True,False,False,False,False,False,False,False,False,False,False,False,False,False,False,True,False,False,False,False,False,False,False,False,False,False,False,True
215,18,6,4,1,10354,5,98397,-0.1907936,-0.649012,2.287022,227.6671,311.6329,True,False,True,False,False,False,False,False,False,False,False,False,False,False,False,False,False,False,False,False,False,False,False,False,False,False,False,True
215,18,6,4,1,10354,5,98397,-0.1653061,-0.7040638,2.221655,230.9754,323.9298,True,False,False,False,False,False,True,False,False,False,False,False,False,False,False,False,False,False,False,False,False,False,False,False,False,False,False,True
215,18,6,4,1,10354,5,98397,-0.3991799,0.5543214,2.052592,186.6466,107.2604,True,False,False,False,False,False,False,False,False,False,False,False,False,False,False,False,False,False,False,False,False,True,False,False,False,False,False,True
215,18,6,4,1,10354,5,98397,-0.2944129,0.6256407,1.456314,183.7838,48.30884,True,False,False,False,False,False,False,False,False,True,False,False,False,False,False,False,False,False,False,False,False,False,False,False,False,False,False,True
215,18,6,4,1,10354,5,98397,-0.328138,0.6275763,1.447786,174.77,46.93457,True,False,False,False,False,False,False,False,False,False,False,False,False,False,False,False,False,False,False,False,False,False,True,False,False,False,False,True
215,18,6,4,1,10354,5,98397,-0.3201521,0.6212276,1.449352,176.8803,48.69698,True,False,False,False,False,False,False,False,False,False,True,False,False,False,False,False,False,False,False,False,False,False,False,False,False,False,False,True
215,18,6,4,1,10354,5,98397,-0.3471621,0.5764659,1.494212,172.6078,64.43135,True,False,False,False,False,False,False,False,False,False,False,False,False,False,False,False,False,False,False,False,False,False,False,True,False,False,False,True
215,18,6,4,1,10355,5,98431,-0.3830256,0.06448549,2.124772,192.1375,195.7933,True,False,False,False,False,False,False,False,False,False,False,False,False,False,False,False,False,False,False,True,False,False,False,False,False,False,False,True
215,18,6,4,1,10355,5,98431,-0.3958722,0.3704958,2.074527,188.1109,141.1353,True,False,False,False,False,False,False,False,False,False,False,False,False,False,False,False,False,False,False,False,True,False,False,False,False,False,False,True
215,18,6,4,1,10355,5,98431,-0.4065357,0.6677661,2.011706,183.7794,84.32069,True,False,False,False,False,False,False,False,False,False,False,False,False,False,False,False,True,False,False,False,False,False,False,False,False,False,False,True
215,18,6,4,1,10355,5,98431,-0.4082842,0.7930502,2.015891,183.6129,61.61259,True,False,False,False,False,False,False,False,False,False,False,True,False,False,False,False,False,False,False,False,False,False,False,False,False,False,False,True
215,18,6,4,1,10355,5,98431,-0.5287123,0.5136638,1.984653,160.035,111.3521,True,False,False,False,False,False,False,False,False,False,False,False,False,False,False,False,False,True,False,False,False,False,False,False,False,False,False,True
215,18,6,4,1,10355,5,98431,-0.4793568,0.5693318,1.706776,154.6716,83.71061,True,False,False,True,False,False,False,False,False,False,False,False,False,False,False,False,False,False,False,False,False,False,False,False,False,False,False,True
215,18,6,4,1,10355,5,98431,-0.4182232,0.6063915,1.606526,162.2775,67.52815,True,False,False,False,False,False,False,False,False,False,False,False,False,False,False,False,False,False,False,False,False,False,False,False,True,False,False,True
215,18,6,4,1,10355,5,98431,-0.3561343,0.6473367,1.516299,171.7303,49.34636,True,False,False,False,False,False,False,True,False,False,False,False,False,False,False,False,False,False,False,False,False,False,False,False,False,False,False,True
215,18,6,4,1,10355,5,98431,-0.2826197,0.5802457,2.019855,206.8,100.9348,True,False,False,False,False,False,False,False,False,False,False,False,False,False,False,False,False,False,True,False,False,False,False,False,False,False,False,True
215,18,6,4,1,10355,5,98431,-0.209349,0.5827958,1.760322,214.5219,84.69548,True,False,False,False,True,False,False,False,False,False,False,False,False,False,False,False,False,False,False,False,False,False,False,False,False,False,False,True
215,18,6,4,1,10355,5,98431,-0.2961684,0.6457806,1.525131,186.7154,50.56461,True,False,False,False,False,False,False,False,False,False,False,False,False,False,False,False,False,False,False,False,False,False,False,False,False,True,False,True
215,18,6,4,1,10355,5,98431,-0.3062485,0.6588496,1.499253,183.0233,44.70857,True,False,False,False,False,False,False,False,True,False,False,False,False,False,False,False,False,False,False,False,False,False,False,False,False,False,False,True
215,18,6,4,1,10355,5,98431,-0.4624947,0.06116495,2.071195,176.2209,196.0824,True,False,False,False,False,False,False,False,False,False,False,False,True,False,False,False,False,False,False,False,False,False,False,False,False,False,False,True
215,18,6,4,1,10355,5,98431,-0.4734843,-0.3357902,2.193824,178.8902,263.3714,True,False,False,False,False,False,False,False,False,False,False,False,False,False,True,False,False,False,False,False,False,False,False,False,False,False,False,True
215,18,6,4,1,10355,5,98431,-0.4694186,-0.654996,2.251183,181.4288,314.4117,True,True,False,False,False,False,False,False,False,False,False,False,False,False,False,False,False,False,False,False,False,False,False,False,False,False,False,True
215,18,6,4,1,10355,5,98431,-0.4909229,-0.7282066,2.178459,175.1757,330.4647,True,False,False,False,False,True,False,False,False,False,False,False,False,False,False,False,False,False,False,False,False,False,False,False,False,False,False,True
215,18,6,4,1,10355,5,98431,-0.291288,0.06573791,2.110215,207.7178,195.5089,True,False,False,False,False,False,False,False,False,False,False,False,False,True,False,False,False,False,False,False,False,False,False,False,False,False,False,True
215,18,6,4,1,10355,5,98431,-0.2665294,-0.3637958,2.228176,214.4224,267.0364,True,False,False,False,False,False,False,False,False,False,False,False,False,False,False,True,False,False,False,False,False,False,False,False,False,False,False,True
215,18,6,4,1,10355,5,98431,-0.1901946,-0.6496485,2.285904,227.7485,311.7876,True,False,True,False,False,False,False,False,False,False,False,False,False,False,False,False,False,False,False,False,False,False,False,False,False,False,False,True
215,18,6,4,1,10355,5,98431,-0.1639119,-0.7055234,2.22282,231.2212,324.1117,True,False,False,False,False,False,True,False,False,False,False,False,False,False,False,False,False,False,False,False,False,False,False,False,False,False,False,True
215,18,6,4,1,10355,5,98431,-0.4041193,0.5937852,2.030141,184.9276,98.9423,True,False,False,False,False,False,False,False,False,False,False,False,False,False,False,False,False,False,False,False,False,True,False,False,False,False,False,True
215,18,6,4,1,10355,5,98431,-0.3104888,0.672528,1.460681,180.0122,37.07968,True,False,False,False,False,False,False,False,False,True,False,False,False,False,False,False,False,False,False,False,False,False,False,False,False,False,False,True
215,18,6,4,1,10355,5,98431,-0.3836758,0.6394187,1.493083,163.6049,48.90808,True,False,False,False,False,False,False,False,False,False,False,False,False,False,False,False,False,False,False,False,False,False,True,False,False,False,False,True
215,18,6,4,1,10355,5,98431,-0.3234257,0.6871691,1.455232,176.4846,32.82954,True,False,False,False,False,False,False,False,False,False,True,False,False,False,False,False,False,False,False,False,False,False,False,False,False,False,False,True
215,18,6,4,1,10355,5,98431,-0.3521777,0.6315218,1.500323,171.7693,51.53937,True,False,False,False,False,False,False,False,False,False,False,False,False,False,False,False,False,False,False,False,False,False,False,True,False,False,False,True
215,18,6,4,1,10356,5,98465,-0.3839467,0.09224459,2.119963,191.8216,190.9506,True,False,False,False,False,False,False,False,False,False,False,False,False,False,False,False,False,False,False,True,False,False,False,False,False,False,False,True
215,18,6,4,1,10356,5,98465,-0.3960689,0.3984278,2.069386,187.8828,135.9788,True,False,False,False,False,False,False,False,False,False,False,False,False,False,False,False,False,False,False,False,True,False,False,False,False,False,False,True
215,18,6,4,1,10356,5,98465,-0.405663,0.6919835,2.007807,183.7897,79.61741,True,False,False,False,False,False,False,False,False,False,False,False,False,False,False,False,True,False,False,False,False,False,False,False,False,False,False,True
215,18,6,4,1,10356,5,98465,-0.4072672,0.8177312,2.011675,183.6519,56.79324,True,False,False,False,False,False,False,False,False,False,False,True,False,False,False,False,False,False,False,False,False,False,False,False,False,False,True,False
215,18,6,4,1,10356,5,98465,-0.5278034,0.5408388,1.980388,159.9818,106.0663,True,False,False,False,False,False,False,False,False,False,False,False,False,False,False,False,False,True,False,False,False,False,False,False,False,False,True,False
215,18,6,4,1,10356,5,98465,-0.4841838,0.607312,1.721481,154.5356,76.62898,True,False,False,True,False,False,False,False,False,False,False,False,False,False,False,False,False,False,False,False,False,False,False,False,False,False,False,True
215,18,6,4,1,10356,5,98465,-0.3688677,0.6818913,1.552646,170.7624,44.87509,True,False,False,False,False,False,False,False,False,False,False,False,False,False,False,False,False,False,False,False,False,False,False,False,True,False,False,True
215,18,6,4,1,10356,5,98465,-0.3235002,0.7147137,1.506908,179.2727,32.05118,True,False,False,False,False,False,False,True,False,False,False,False,False,False,False,False,False,False,False,False,False,False,False,False,False,False,False,True
215,18,6,4,1,10356,5,98465,-0.2817701,0.6030706,2.016426,206.8567,96.55315,True,False,False,False,False,False,False,False,False,False,False,False,False,False,False,False,False,False,True,False,False,False,False,False,False,False,True,False
215,18,6,4,1,10356,5,98465,-0.1910081,0.5996194,1.800156,219.2575,83.95403,True,False,False,False,True,False,False,False,False,False,False,False,False,False,False,False,False,False,False,False,False,False,False,False,False,False,False,True
215,18,6,4,1,10356,5,98465,-0.2545256,0.6768858,1.607205,199.935,51.3685,True,False,False,False,False,False,False,False,False,False,False,False,False,False,False,False,False,False,False,False,False,False,False,False,False,True,False,True
215,18,6,4,1,10356,5,98465,-0.3107651,0.7149804,1.509566,182.5104,32.26477,True,False,False,False,False,False,False,False,True,False,False,False,False,False,False,False,False,False,False,False,False,False,False,False,False,False,False,True
215,18,6,4,1,10356,5,98465,-0.4627497,0.08948573,2.067933,176.04,191.0215,True,False,False,False,False,False,False,False,False,False,False,False,True,False,False,False,False,False,False,False,False,False,False,False,False,False,False,True
215,18,6,4,1,10356,5,98465,-0.4746145,-0.3245005,2.189034,178.5299,261.5912,True,False,False,False,False,False,False,False,False,False,False,False,False,False,True,False,False,False,False,False,False,False,False,False,False,False,False,True
215,18,6,4,1,10356,5,98465,-0.4694119,-0.6549917,2.251172,181.4295,314.4115,True,True,False,False,False,False,False,False,False,False,False,False,False,False,False,False,False,False,False,False,False,False,False,False,False,False,False,True
215,18,6,4,1,10356,5,98465,-0.4908317,-0.7281828,2.177587,175.1578,330.5101,True,False,False,False,False,True,False,False,False,False,False,False,False,False,False,False,False,False,False,False,False,False,False,False,False,False,False,True
215,18,6,4,1,10356,5,98465,-0.2928102,0.09217405,2.103918,207.2953,190.856,True,False,False,False,False,False,False,False,False,False,False,False,False,True,False,False,False,False,False,False,False,False,False,False,False,False,False,True
215,18,6,4,1,10356,5,98465,-0.2683566,-0.3475038,2.222645,214.0159,264.4815,True,False,False,False,False,False,False,False,False,False,False,False,False,False,False,True,False,False,False,False,False,False,False,False,False,False,False,True
215,18,6,4,1,10356,5,98465,-0.19051,-0.6517282,2.292625,227.7877,311.815,True,False,True,False,False,False,False,False,False,False,False,False,False,False,False,False,False,False,False,False,False,False,False,False,False,False,False,True
215,18,6,4,1,10356,5,98465,-0.1645622,-0.7041414,2.222886,231.1143,323.8774,True,False,False,False,False,False,True,False,False,False,False,False,False,False,False,False,False,False,False,False,False,False,False,False,False,False,False,True
215,18,6,4,1,10356,5,98465,-0.4036267,0.6208253,2.02519,184.8252,93.7281,True,False,False,False,False,False,False,False,False,False,False,False,False,False,False,False,False,False,False,False,False,True,False,False,False,False,False,True
215,18,6,4,1,10356,5,98465,-0.2951833,0.7449157,1.46724,184.3391,19.95784,True,False,False,False,False,False,False,False,False,True,False,False,False,False,False,False,False,False,False,False,False,False,False,False,False,False,False,True
215,18,6,4,1,10356,5,98465,-0.3428598,0.7455131,1.474823,172.8633,20.87892,True,False,False,False,False,False,False,False,False,False,False,False,False,False,False,False,False,False,False,False,False,False,True,False,False,False,False,True
215,18,6,4,1,10356,5,98465,-0.323124,0.7483567,1.461258,177.0476,18.45151,True,False,False,False,False,False,False,False,False,False,True,False,False,False,False,False,False,False,False,False,False,False,False,False,False,False,False,True
215,18,6,4,1,10356,5,98465,-0.3540248,0.6832985,1.501789,171.4796,39.11552,True,False,False,False,False,False,False,False,False,False,False,False,False,False,False,False,False,False,False,False,False,False,False,True,False,False,False,True
215,18,6,4,1,10357,5,98500,-0.3831134,0.09515426,2.118542,191.9215,190.4346,True,False,False,False,False,False,False,False,False,False,False,False,False,False,False,False,False,False,False,True,False,False,False,False,False,False,False,True
215,18,6,4,1,10357,5,98500,-0.3961125,0.3945986,2.070351,187.9105,136.6962,True,False,False,False,False,False,False,False,False,False,False,False,False,False,False,False,False,False,False,False,True,False,False,False,False,False,False,True
215,18,6,4,1,10357,5,98500,-0.4082671,0.6631849,2.017699,183.6858,85.52645,True,False,False,False,False,False,False,False,False,False,False,False,False,False,False,False,True,False,False,False,False,False,False,False,False,False,False,True
215,18,6,4,1,10357,5,98500,-0.4099291,0.7883451,2.02202,183.5374,62.90947,True,False,False,False,False,False,False,False,False,False,False,True,False,False,False,False,False,False,False,False,False,False,False,False,False,False,True,False
215,18,6,4,1,10357,5,98500,-0.5291721,0.5212389,1.98556,159.9914,109.9835,True,False,False,False,False,False,False,False,False,False,False,False,False,False,False,False,False,True,False,False,False,False,False,False,False,False,True,False
215,18,6,4,1,10357,5,98500,-0.4875055,0.6300911,1.73302,154.5308,72.65578,True,False,False,True,False,False,False,False,False,False,False,False,False,False,False,False,False,False,False,False,False,False,False,False,False,False,False,True
215,18,6,4,1,10357,5,98500,-0.3738667,0.7331447,1.563712,170.2918,34.09988,True,False,False,False,False,False,False,False,False,False,False,False,False,False,False,False,False,False,False,False,False,False,False,False,True,False,False,True
215,18,6,4,1,10357,5,98500,-0.3274235,0.7654707,1.520611,179.1367,21.5565,True,False,False,False,False,False,False,True,False,False,False,False,False,False,False,False,False,False,False,False,False,False,False,False,False,False,False,True
215,18,6,4,1,10357,5,98500,-0.283036,0.5850069,2.021341,206.7599,100.139,True,False,False,False,False,False,False,False,False,False,False,False,False,False,False,False,False,False,True,False,False,False,False,False,False,False,True,False
215,18,6,4,1,10357,5,98500,-0.2225336,0.6441172,1.796173,212.6712,74.48029,True,False,False,False,True,False,False,False,False,False,False,False,False,False,False,False,False,False,False,False,False,False,False,False,False,False,False,True
215,18,6,4,1,10357,5,98500,-0.2727892,0.708019,1.587296,194.9794,42.24605,True,False,False,False,False,False,False,False,False,False,False,False,False,False,False,False,False,False,False,False,False,False,False,False,False,True,False,True
215,18,6,4,1,10357,5,98500,-0.3146017,0.7644396,1.523605,182.3717,22.12108,True,False,False,False,False,False,False,False,True,False,False,False,False,False,False,False,False,False,False,False,False,False,False,False,False,False,False,True
215,18,6,4,1,10357,5,98500,-0.4626986,0.09180289,2.066538,175.9927,190.5977,True,False,False,False,False,False,False,False,False,False,False,False,True,False,False,False,False,False,False,False,False,False,False,False,False,False,False,True
215,18,6,4,1,10357,5,98500,-0.475311,-0.320563,2.187608,178.3616,260.9626,True,False,False,False,False,False,False,False,False,False,False,False,False,False,True,False,False,False,False,False,False,False,False,False,False,False,False,True
215,18,6,4,1,10357,5,98500,-0.4692397,-0.6550363,2.251131,181.4564,314.4207,True,True,False,False,False,False,False,False,False,False,False,False,False,False,False,False,False,False,False,False,False,False,False,False,False,False,False,True
215,18,6,4,1,10357,5,98500,-0.4910299,-0.7283071,2.177972,175.1389,330.5094,True,False,False,False,False,True,False,False,False,False,False,False,False,False,False,False,False,False,False,False,False,False,False,False,False,False,False,True
215,18,6,4,1,10357,5,98500,-0.2910085,0.09572574,2.102437,207.5744,190.224,True,False,False,False,False,False,False,False,False,False,False,False,False,True,False,False,False,False,False,False,False,False,False,False,False,False,False,True
215,18,6,4,1,10357,5,98500,-0.2703316,-0.3443989,2.220566,213.6475,264.0204,True,False,False,False,False,False,False,False,False,False,False,False,False,False,False,True,False,False,False,False,False,False,False,False,False,False,False,True
215,18,6,4,1,10357,5,98500,-0.1904635,-0.649592,2.290613,227.7687,311.5615,True,False,True,False,False,False,False,False,False,False,False,False,False,False,False,False,False,False,False,False,False,False,False,False,False,False,False,True
215,18,6,4,1,10357,5,98500,-0.1647167,-0.7034605,2.223207,231.0928,323.7467,True,False,False,False,False,False,True,False,False,False,False,False,False,False,False,False,False,False,False,False,False,False,False,False,False,False,False,True
215,18,6,4,1,10357,5,98500,-0.4053865,0.5996551,2.032066,184.7642,97.97385,True,False,False,False,False,False,False,False,False,False,False,False,False,False,False,False,False,False,False,False,False,True,False,False,False,False,False,True
215,18,6,4,1,10357,5,98500,-0.2969144,0.8035808,1.478759,184.6401,7.221954,True,False,False,False,False,False,False,False,False,True,False,False,False,False,False,False,False,False,False,False,False,False,False,False,False,False,False,True
215,18,6,4,1,10357,5,98500,-0.3495558,0.7828659,1.48497,171.907,13.15718,True,False,False,False,False,False,False,False,False,False,False,False,False,False,False,False,False,False,False,False,False,False,True,False,False,False,False,True
215,18,6,4,1,10357,5,98500,-0.3254736,0.789795,1.464514,176.7786,8.797012,True,False,False,False,False,False,False,False,False,False,True,False,False,False,False,False,False,False,False,False,False,False,False,False,False,False,False,True
215,18,6,4,1,10357,5,98500,-0.3591908,0.7334542,1.51425,171.0395,28.48799,True,False,False,False,False,False,False,False,False,False,False,False,False,False,False,False,False,False,False,False,False,False,False,True,False,False,False,True
215,18,6,4,1,10358,5,98534,-0.3814463,0.09746405,2.116364,192.1433,190.0163,True,False,False,False,False,False,False,False,False,False,False,False,False,False,False,False,False,False,False,True,False,False,False,False,False,False,False,True
215,18,6,4,1,10358,5,98534,-0.3955581,0.3928303,2.070216,188.006,137.0079,True,False,False,False,False,False,False,False,False,False,False,False,False,False,False,False,False,False,False,False,True,False,False,False,False,False,False,True
215,18,6,4,1,10358,5,98534,-0.4080538,0.6621349,2.017768,183.7277,85.72337,True,False,False,False,False,False,False,False,False,False,False,False,False,False,False,False,True,False,False,False,False,False,False,False,False,False,False,True
215,18,6,4,1,10358,5,98534,-0.4097057,0.787273,2.022097,183.5808,63.11028,True,False,False,False,False,False,False,False,False,False,False,True,False,False,False,False,False,False,False,False,False,False,False,False,False,False,True,False
215,18,6,4,1,10358,5,98534,-0.5290363,0.520162,1.985483,160.0133,110.1805,True,False,False,False,False,False,False,False,False,False,False,False,False,False,False,False,False,True,False,False,False,False,False,False,False,False,True,False
215,18,6,4,1,10358,5,98534,-0.4962436,0.6516164,1.755489,154.0336,69.86043,True,False,False,True,False,False,False,False,False,False,False,False,False,False,False,False,False,False,False,False,False,False,False,False,False,False,False,True
215,18,6,4,1,10358,5,98534,-0.3574935,0.8000339,1.558533,174.0336,18.06371,True,False,False,False,False,False,False,False,False,False,False,False,False,False,False,False,False,False,False,False,False,False,False,False,True,False,False,True
215,18,6,4,1,10358,5,98534,-0.3246395,0.8134406,1.538384,180.8222,12.47202,True,False,False,False,False,False,False,True,False,False,False,False,False,False,False,False,False,False,False,False,False,False,False,False,False,False,False,True
215,18,6,4,1,10358,5,98534,-0.2828977,0.583855,2.021286,206.7843,100.3475,True,False,False,False,False,False,False,False,False,False,False,False,False,False,False,False,False,False,True,False,False,False,False,False,False,False,True,False
215,18,6,4,1,10358,5,98534,-0.2254972,0.6595822,1.796081,212.0556,71.28195,True,False,False,False,True,False,False,False,False,False,False,False,False,False,False,False,False,False,False,False,False,False,False,False,False,False,False,True
215,18,6,4,1,10358,5,98534,-0.2847628,0.7675247,1.615139,193.3885,31.62274,True,False,False,False,False,False,False,False,False,False,False,False,False,False,False,False,False,False,False,False,False,False,False,False,False,True,False,True
215,18,6,4,1,10358,5,98534,-0.3192174,0.8080192,1.547552,182.5319,14.81439,True,False,False,False,False,False,False,False,True,False,False,False,False,False,False,False,False,False,False,False,False,False,False,False,False,False,False,True
215,18,6,4,1,10358,5,98534,-0.4622801,0.09210104,2.065414,176.0226,190.5357,True,False,False,False,False,False,False,False,False,False,False,False,True,False,False,False,False,False,False,False,False,False,False,False,False,False,False,True
215,18,6,4,1,10358,5,98534,-0.4750975,-0.3171345,2.185522,178.3227,260.435,True,False,False,False,False,False,False,False,False,False,False,False,False,False,True,False,False,False,False,False,False,False,False,False,False,False,False,True
215,18,6,4,1,10358,5,98534,-0.4693069,-0.65492,2.250961,181.4395,314.4098,True,True,False,False,False,False,False,False,False,False,False,False,False,False,False,False,False,False,False,False,False,False,False,False,False,False,False,True
215,18,6,4,1,10358,5,98534,-0.4908364,-0.7282098,2.1772,175.1422,330.5367,True,False,False,False,False,True,False,False,False,False,False,False,False,False,False,False,False,False,False,False,False,False,False,False,False,False,False,True
215,18,6,4,1,10358,5,98534,-0.2872426,0.1016179,2.098766,208.1454,189.1632,True,False,False,False,False,False,False,False,False,False,False,False,False,True,False,False,False,False,False,False,False,False,False,False,False,False,False,True
215,18,6,4,1,10358,5,98534,-0.2717466,-0.3383566,2.218049,213.3637,263.0806,True,False,False,False,False,False,False,False,False,False,False,False,False,False,False,True,False,False,False,False,False,False,False,False,False,False,False,True
215,18,6,4,1,10358,5,98534,-0.189715,-0.6508301,2.29162,227.9024,311.7156,True,False,True,False,False,False,False,False,False,False,False,False,False,False,False,False,False,False,False,False,False,False,False,False,False,False,False,True
215,18,6,4,1,10358,5,98534,-0.1647417,-0.703746,2.222111,231.075,323.8524,True,False,False,False,False,False,True,False,False,False,False,False,False,False,False,False,False,False,False,False,False,False,False,False,False,False,False,True
215,18,6,4,1,10358,5,98534,-0.4050886,0.5977332,2.032246,184.8259,98.33421,True,False,False,False,False,False,False,False,False,False,False,False,False,False,False,False,False,False,False,False,False,True,False,False,False,False,False,True
215,18,6,4,1,10358,5,98534,-0.2996004,0.8328423,1.500663,185.1176,3.132141,True,False,False,False,False,False,False,False,False,True,False,False,False,False,False,False,False,False,False,False,False,False,False,False,False,False,False,True
215,18,6,4,1,10358,5,98534,-0.3510191,0.8309965,1.506588,172.9341,4.531616,True,False,False,False,False,False,False,False,False,False,False,False,False,False,False,False,False,False,False,False,False,False,True,False,False,False,False,True
215,18,6,4,1,10358,5,98534,-0.329553,0.8253259,1.477435,176.5981,1.993713,True,False,False,False,False,False,False,False,False,False,True,False,False,False,False,False,False,False,False,False,False,False,False,False,False,False,False,True
215,18,6,4,1,10358,5,98534,-0.3558151,0.8020017,1.555333,174.267,17.23199,True,False,False,False,False,False,False,False,False,False,False,False,False,False,False,False,False,False,False,False,False,False,False,True,False,False,False,True
215,18,6,4,1,10359,5,98566,-0.3781429,0.09724637,2.116756,192.7321,190.0579,True,False,False,False,False,False,False,False,False,False,False,False,False,False,False,False,False,False,False,True,False,False,False,False,False,False,False,True
215,18,6,4,1,10359,5,98566,-0.3939091,0.3910452,2.070335,188.3058,137.3319,True,False,False,False,False,False,False,False,False,False,False,False,False,False,False,False,False,False,False,False,True,False,False,False,False,False,False,True
215,18,6,4,1,10359,5,98566,-0.4076473,0.6620857,2.017164,183.7798,85.69606,True,False,False,False,False,False,False,False,False,False,False,False,False,False,False,False,True,False,False,False,False,False,False,False,False,False,False,True
215,18,6,4,1,10359,5,98566,-0.4092987,0.7872338,2.021503,183.6332,63.07518,True,False,False,False,False,False,False,False,False,False,False,True,False,False,False,False,False,False,False,False,False,False,False,False,False,False,True,False
215,18,6,4,1,10359,5,98566,-0.5288933,0.5199848,1.98515,160.0234,110.1973,True,False,False,False,False,False,False,False,False,False,False,False,False,False,False,False,False,True,False,False,False,False,False,False,False,False,True,False
215,18,6,4,1,10359,5,98566,-0.5017072,0.6668088,1.774519,154.0229,68.17767,True,False,False,True,False,False,False,False,False,False,False,False,False,False,False,False,False,False,False,False,False,False,False,False,False,False,False,True
215,18,6,4,1,10359,5,98566,-0.4070996,0.7942827,1.62839,166.368,27.31703,True,False,False,False,False,False,False,False,False,False,False,False,False,False,False,False,False,False,False,False,False,False,False,False,True,False,False,True
215,18,6,4,1,10359,5,98566,-0.3680478,0.8346372,1.590033,173.3275,13.94357,True,False,False,False,False,False,False,True,False,False,False,False,False,False,False,False,False,False,False,False,False,False,False,False,False,False,False,True
215,18,6,4,1,10359,5,98566,-0.2827563,0.5836626,2.020967,206.802,100.366,True,False,False,False,False,False,False,False,False,False,False,False,False,False,False,False,False,False,True,False,False,False,False,False,False,False,True,False
215,18,6,4,1,10359,5,98566,-0.2274014,0.6826423,1.806349,211.9266,67.32712,True,False,False,False,True,False,False,False,False,False,False,False,False,False,False,False,False,False,False,False,False,False,False,False,False,False,False,True
215,18,6,4,1,10359,5,98566,-0.2889466,0.8030319,1.638549,193.4102,26.22791,True,False,False,False,False,False,False,False,False,False,False,False,False,False,False,False,False,False,False,False,False,False,False,False,False,True,False,True
215,18,6,4,1,10359,5,98566,-0.3142356,0.8374562,1.594355,185.9084,13.65584,True,False,False,False,False,False,False,False,True,False,False,False,False,False,False,False,False,False,False,False,False,False,False,False,False,False,False,True
215,18,6,4,1,10359,5,98566,-0.4599405,0.09185035,2.065056,176.4278,190.578,True,False,False,False,False,False,False,False,False,False,False,False,True,False,False,False,False,False,False,False,False,False,False,False,False,False,False,True
215,18,6,4,1,10359,5,98566,-0.474871,-0.3165824,2.185366,178.3556,260.3454,True,False,False,False,False,False,False,False,False,False,False,False,False,False,True,False,False,False,False,False,False,False,False,False,False,False,False,True
215,18,6,4,1,10359,5,98566,-0.4693152,-0.6549075,2.250952,181.4379,314.4081,True,True,False,False,False,False,False,False,False,False,False,False,False,False,False,False,False,False,False,False,False,False,False,False,False,False,False,True
215,18,6,4,1,10359,5,98566,-0.4907973,-0.7280832,2.176618,175.1265,330.5483,True,False,False,False,False,True,False,False,False,False,False,False,False,False,False,False,False,False,False,False,False,False,False,False,False,False,False,True
215,18,6,4,1,10359,5,98566,-0.2832348,0.1009055,2.100255,208.8845,189.3012,True,False,False,False,False,False,False,False,False,False,False,False,False,True,False,False,False,False,False,False,False,False,False,False,False,False,False,True
215,18,6,4,1,10359,5,98566,-0.2705973,-0.3396396,2.218083,213.5549,263.2928,True,False,False,False,False,False,False,False,False,False,False,False,False,False,False,True,False,False,False,False,False,False,False,False,False,False,False,True
215,18,6,4,1,10359,5,98566,-0.1901755,-0.6517507,2.292304,227.8372,311.8334,True,False,True,False,False,False,False,False,False,False,False,False,False,False,False,False,False,False,False,False,False,False,False,False,False,False,False,True
215,18,6,4,1,10359,5,98566,-0.1648559,-0.7038397,2.221666,231.0505,323.8917,True,False,False,False,False,False,True,False,False,False,False,False,False,False,False,False,False,False,False,False,False,False,False,False,False,False,False,True
215,18,6,4,1,10359,5,98566,-0.4045734,0.5972649,2.031865,184.906,98.39939,True,False,False,False,False,False,False,False,False,False,False,False,False,False,False,False,False,False,False,False,False,True,False,False,False,False,False,True
215,18,6,4,1,10359,5,98566,-0.3015667,0.8569121,1.532422,186.1832,1.636826,True,False,False,False,False,False,False,False,False,True,False,False,False,False,False,False,False,False,False,False,False,False,False,False,False,False,False,True
215,18,6,4,1,10359,5,98566,-0.4038447,0.7876076,1.5375,161.8719,18.62238,True,False,False,False,False,False,False,False,False,False,False,False,False,False,False,False,False,False,False,False,False,False,True,False,False,False,False,True
215,18,6,4,1,10359,5,98566,-0.3451495,0.8609185,1.544804,176.4553,2.459503,True,False,False,False,False,False,False,False,False,False,True,False,False,False,False,False,False,False,False,False,False,False,False,False,False,False,False,True
215,18,6,4,1,10359,5,98566,-0.3463942,0.8652379,1.606895,179.2112,9.055679,True,False,False,False,False,False,False,False,False,False,False,False,False,False,False,False,False,False,False,False,False,False,False,True,False,False,False,True
215,18,6,4,1,10360,5,98599,-0.3682325,0.09776357,2.117481,194.4833,189.9758,True,False,False,False,False,False,False,False,False,False,False,False,False,False,False,False,False,False,False,True,False,False,False,False,False,False,False,True
215,18,6,4,1,10360,5,98599,-0.3912431,0.3893268,2.070258,188.7805,137.6379,True,False,False,False,False,False,False,False,False,False,False,False,False,False,False,False,False,False,False,False,True,False,False,False,False,False,False,True
215,18,6,4,1,10360,5,98599,-0.4076723,0.6616476,2.016264,183.7419,85.72221,True,False,False,False,False,False,False,False,False,False,False,False,False,False,False,False,True,False,False,False,False,False,False,False,False,False,False,True
215,18,6,4,1,10360,5,98599,-0.4093291,0.7867972,2.020608,183.5945,63.09134,True,False,False,False,False,False,False,False,False,False,False,True,False,False,False,False,False,False,False,False,False,False,False,False,False,False,True,False
215,18,6,4,1,10360,5,98599,-0.5329387,0.5173442,1.985966,159.311,110.7278,True,False,False,False,False,False,False,False,False,False,False,False,False,False,False,False,False,True,False,False,False,False,False,False,False,False,False,True
215,18,6,4,1,10360,5,98599,-0.5087906,0.6769967,1.791758,153.5723,67.41936,True,False,False,True,False,False,False,False,False,False,False,False,False,False,False,False,False,False,False,False,False,False,False,False,False,False,False,True
215,18,6,4,1,10360,5,98599,-0.4180459,0.8068771,1.64545,164.8946,26.40302,True,False,False,False,False,False,False,False,False,False,False,False,False,False,False,False,False,False,False,False,False,False,False,False,True,False,False,True
215,18,6,4,1,10360,5,98599,-0.4047826,0.8406603,1.620839,166.6242,16.27179,True,False,False,False,False,False,False,True,False,False,False,False,False,False,False,False,False,False,False,False,False,False,False,False,False,False,False,True
215,18,6,4,1,10360,5,98599,-0.281894,0.5842963,2.020728,206.9532,100.2374,True,False,False,False,False,False,False,False,False,False,False,False,False,False,False,False,False,False,True,False,False,False,False,False,False,False,False,True
215,18,6,4,1,10360,5,98599,-0.229223,0.6977361,1.814493,211.7631,64.87633,True,False,False,False,True,False,False,False,False,False,False,False,False,False,False,False,False,False,False,False,False,False,False,False,False,False,False,True
215,18,6,4,1,10360,5,98599,-0.2912897,0.8484215,1.660277,193.7986,18.68005,True,False,False,False,False,False,False,False,False,False,False,False,False,False,False,False,False,False,False,False,False,False,False,False,False,True,False,True
215,18,6,4,1,10360,5,98599,-0.3160867,0.8654718,1.622476,186.7772,10.73811,True,False,False,False,False,False,False,False,True,False,False,False,False,False,False,False,False,False,False,False,False,False,False,False,False,False,False,True
215,18,6,4,1,10360,5,98599,-0.448848,0.09149794,2.06477,178.4057,190.6408,True,False,False,False,False,False,False,False,False,False,False,False,True,False,False,False,False,False,False,False,False,False,False,False,False,False,False,True
215,18,6,4,1,10360,5,98599,-0.474308,-0.3147765,2.183797,178.394,260.0784,True,False,False,False,False,False,False,False,False,False,False,False,False,False,True,False,False,False,False,False,False,False,False,False,False,False,False,True
215,18,6,4,1,10360,5,98599,-0.4693404,-0.6550666,2.250926,181.4328,314.4356,True,True,False,False,False,False,False,False,False,False,False,False,False,False,False,False,False,False,False,False,False,False,False,False,False,False,False,True
215,18,6,4,1,10360,5,98599,-0.4909759,-0.7282372,2.177167,175.1172,330.5433,True,False,False,False,False,True,False,False,False,False,False,False,False,False,False,False,False,False,False,False,False,False,False,False,False,False,False,True
215,18,6,4,1,10360,5,98599,-0.2753624,0.1015786,2.101797,210.3008,189.1978,True,False,False,False,False,False,False,False,False,False,False,False,False,True,False,False,False,False,False,False,False,False,False,False,False,False,False,True
215,18,6,4,1,10360,5,98599,-0.2704181,-0.3396742,2.217853,213.58,263.3043,True,False,False,False,False,False,False,False,False,False,False,False,False,False,False,True,False,False,False,False,False,False,False,False,False,False,False,True
215,18,6,4,1,10360,5,98599,-0.191565,-0.6509773,2.289127,227.5706,311.8549,True,False,True,False,False,False,False,False,False,False,False,False,False,False,False,False,False,False,False,False,False,False,False,False,False,False,False,True
215,18,6,4,1,10360,5,98599,-0.1646735,-0.7042699,2.221503,231.0787,323.9722,True,False,False,False,False,False,True,False,False,False,False,False,False,False,False,False,False,False,False,False,False,False,False,False,False,False,False,True
215,18,6,4,1,10360,5,98599,-0.4042201,0.5964683,2.031234,184.9478,98.51105,True,False,False,False,False,False,False,False,False,False,False,False,False,False,False,False,False,False,False,False,False,True,False,False,False,False,False,True
215,18,6,4,1,10360,5,98599,-0.315867,0.8814955,1.579209,184.9999,2.006332,True,False,False,False,False,False,False,False,False,True,False,False,False,False,False,False,False,False,False,False,False,False,False,False,False,False,False,True
215,18,6,4,1,10360,5,98599,-0.4094004,0.8229262,1.549,161.4002,11.89925,True,False,False,False,False,False,False,False,False,False,False,False,False,False,False,False,False,False,False,False,False,False,True,False,False,False,False,True
215,18,6,4,1,10360,5,98599,-0.36293,0.8719923,1.582815,174.2759,4.740326,True,False,False,False,False,False,False,False,False,False,True,False,False,False,False,False,False,False,False,False,False,False,False,False,False,False,False,True
215,18,6,4,1,10360,5,98599,-0.3369837,0.9030142,1.635125,182.7486,4.126663,True,False,False,False,False,False,False,False,False,False,False,False,False,False,False,False,False,False,False,False,False,False,False,True,False,False,False,True
215,18,6,4,1,10361,5,98633,-0.3669603,0.0970581,2.116958,194.6894,190.0944,True,False,False,False,False,False,False,False,False,False,False,False,False,False,False,False,False,False,False,True,False,False,False,False,False,False,False,True
215,18,6,4,1,10361,5,98633,-0.3905222,0.3855734,2.070063,188.905,138.3024,True,False,False,False,False,False,False,False,False,False,False,False,False,False,False,False,False,False,False,False,True,False,False,False,False,False,False,True
215,18,6,4,1,10361,5,98633,-0.4094191,0.6569369,2.015489,183.3939,86.54057,True,False,False,False,False,False,False,False,False,False,False,False,False,False,False,False,True,False,False,False,False,False,False,False,False,False,False,True
215,18,6,4,1,10361,5,98633,-0.411136,0.7819961,2.019858,183.2354,63.9146,True,False,False,False,False,False,False,False,False,False,False,True,False,False,False,False,False,False,False,False,False,False,False,False,False,False,True,False
215,18,6,4,1,10361,5,98633,-0.5341244,0.5173993,1.986015,159.0924,110.7195,True,False,False,False,False,False,False,False,False,False,False,False,False,False,False,False,False,True,False,False,False,False,False,False,False,False,False,True
215,18,6,4,1,10361,5,98633,-0.4919741,0.7159832,1.773198,156.018,57.89888,True,False,False,True,False,False,False,False,False,False,False,False,False,False,False,False,False,False,False,False,False,False,False,False,False,False,False,True
215,18,6,4,1,10361,5,98633,-0.4088783,0.8512689,1.627813,166.1223,14.75471,True,False,False,False,False,False,False,False,False,False,False,False,False,False,False,False,False,False,False,False,False,False,False,False,True,False,False,True
215,18,6,4,1,10361,5,98633,-0.4232127,0.8515279,1.649507,164.1177,17.17473,True,False,False,False,False,False,False,True,False,False,False,False,False,False,False,False,False,False,False,False,False,False,False,False,False,False,False,True
215,18,6,4,1,10361,5,98633,-0.2809892,0.5854846,2.02057,207.1141,100.0112,True,False,False,False,False,False,False,False,False,False,False,False,False,False,False,False,False,False,True,False,False,False,False,False,False,False,False,True
215,18,6,4,1,10361,5,98633,-0.2282384,0.7123961,1.822262,212.161,62.50722,True,False,False,False,True,False,False,False,False,False,False,False,False,False,False,False,False,False,False,False,False,False,False,False,False,False,False,True
215,18,6,4,1,10361,5,98633,-0.2944974,0.8706591,1.696242,194.4776,17.85701,True,False,False,False,False,False,False,False,False,False,False,False,False,False,False,False,False,False,False,False,False,False,False,False,False,True,False,True
215,18,6,4,1,10361,5,98633,-0.2916949,0.878316,1.658521,193.7041,12.03223,True,False,False,False,False,False,False,False,True,False,False,False,False,False,False,False,False,False,False,False,False,False,False,False,False,False,False,True
215,18,6,4,1,10361,5,98633,-0.4477699,0.09075305,2.063988,178.5687,190.7677,True,False,False,False,False,False,False,False,False,False,False,False,True,False,False,False,False,False,False,False,False,False,False,False,False,False,False,True
215,18,6,4,1,10361,5,98633,-0.4744745,-0.3140206,2.183314,178.3484,259.9624,True,False,False,False,False,False,False,False,False,False,False,False,False,False,True,False,False,False,False,False,False,False,False,False,False,False,False,True
215,18,6,4,1,10361,5,98633,-0.4693738,-0.6550754,2.250807,181.4232,314.4428,True,True,False,False,False,False,False,False,False,False,False,False,False,False,False,False,False,False,False,False,False,False,False,False,False,False,False,True
215,18,6,4,1,10361,5,98633,-0.4911131,-0.7282634,2.177589,175.1101,330.5238,True,False,False,False,False,True,False,False,False,False,False,False,False,False,False,False,False,False,False,False,False,False,False,False,False,False,False,True
215,18,6,4,1,10361,5,98633,-0.2739628,0.1007899,2.101552,210.5406,189.3339,True,False,False,False,False,False,False,False,False,False,False,False,False,True,False,False,False,False,False,False,False,False,False,False,False,False,False,True
215,18,6,4,1,10361,5,98633,-0.269843,-0.3403776,2.217787,213.6739,263.4228,True,False,False,False,False,False,False,False,False,False,False,False,False,False,False,True,False,False,False,False,False,False,False,False,False,False,False,True
215,18,6,4,1,10361,5,98633,-0.191863,-0.6503741,2.291539,227.5555,311.6461,True,False,True,False,False,False,False,False,False,False,False,False,False,False,False,False,False,False,False,False,False,False,False,False,False,False,False,True
215,18,6,4,1,10361,5,98633,-0.1652219,-0.7028062,2.222237,230.997,323.6888,True,False,False,False,False,False,True,False,False,False,False,False,False,False,False,False,False,False,False,False,False,False,False,False,False,False,False,True
215,18,6,4,1,10361,5,98633,-0.4052915,0.5913298,2.030738,184.737,99.42191,True,False,False,False,False,False,False,False,False,False,False,False,False,False,False,False,False,False,False,False,False,True,False,False,False,False,False,True
215,18,6,4,1,10361,5,98633,-0.3811172,0.8990703,1.607681,171.5055,1.874847,True,False,False,False,False,False,False,False,False,True,False,False,False,False,False,False,False,False,False,False,False,False,False,False,False,False,False,True
215,18,6,4,1,10361,5,98633,-0.4179718,0.8273656,1.601572,162.5134,17.07201,True,False,False,False,False,False,False,False,False,False,False,False,False,False,False,False,False,False,False,False,False,False,True,False,False,False,False,True
215,18,6,4,1,10361,5,98633,-0.3330166,0.9012237,1.608688,182.4583,1.331879,True,False,False,False,False,False,False,False,False,False,True,False,False,False,False,False,False,False,False,False,False,False,False,False,False,False,False,True
215,18,6,4,1,10361,5,98633,-0.3191425,0.8960168,1.695429,189.1673,12.46837,True,False,False,False,False,False,False,False,False,False,False,False,False,False,False,False,False,False,False,False,False,False,False,True,False,False,False,True
215,18,6,4,1,10362,5,98666,-0.3647614,0.09747832,2.115729,195.0359,190.0119,True,False,False,False,False,False,False,False,False,False,False,False,False,False,False,False,False,False,False,True,False,False,False,False,False,False,False,True
215,18,6,4,1,10362,5,98666,-0.3897708,0.3843139,2.06967,189.0268,138.5148,True,False,False,False,False,False,False,False,False,False,False,False,False,False,False,False,False,False,False,False,True,False,False,False,False,False,False,True
215,18,6,4,1,10362,5,98666,-0.4099707,0.6548753,2.01504,183.2765,86.89243,True,False,False,False,False,False,False,False,False,False,False,False,False,False,False,False,True,False,False,False,False,False,False,False,False,False,False,True
215,18,6,4,1,10362,5,98666,-0.4117055,0.7798979,2.019425,183.1148,64.26718,True,False,False,False,False,False,False,False,False,False,False,True,False,False,False,False,False,False,False,False,False,False,False,False,False,False,True,False
215,18,6,4,1,10362,5,98666,-0.5361949,0.5178702,1.986368,158.7241,110.6481,True,False,False,False,False,False,False,False,False,False,False,False,False,False,False,False,False,True,False,False,False,False,False,False,False,False,False,True
215,18,6,4,1,10362,5,98666,-0.4933019,0.7197738,1.777089,155.9695,57.44232,True,False,False,True,False,False,False,False,False,False,False,False,False,False,False,False,False,False,False,False,False,False,False,False,False,False,False,True
215,18,6,4,1,10362,5,98666,-0.4214107,0.8770696,1.651114,164.7008,11.85992,True,False,False,False,False,False,False,False,False,False,False,False,False,False,False,False,False,False,False,False,False,False,False,False,True,False,False,True
215,18,6,4,1,10362,5,98666,-0.4166142,0.8935379,1.646865,165.599,7.834839,True,False,False,False,False,False,False,True,False,False,False,False,False,False,False,False,False,False,False,False,False,False,False,False,False,False,False,True
215,18,6,4,1,10362,5,98666,-0.2803515,0.5931736,2.019662,207.2039,98.55033,True,False,False,False,False,False,False,False,False,False,False,False,False,False,False,False,False,False,True,False,False,False,False,False,False,False,False,True
215,18,6,4,1,10362,5,98666,-0.2314315,0.7445632,1.818103,211.4069,55.64175,True,False,False,False,True,False,False,False,False,False,False,False,False,False,False,False,False,False,False,False,False,False,False,False,False,False,False,True
215,18,6,4,1,10362,5,98666,-0.3256925,0.9388043,1.714639,188.6248,5.715408,True,False,False,False,False,False,False,False,False,False,False,False,False,False,False,False,False,False,False,False,False,False,False,False,False,True,False,True
215,18,6,4,1,10362,5,98666,-0.3218115,0.9317931,1.685259,188.2823,3.817993,True,False,False,False,False,False,False,False,True,False,False,False,False,False,False,False,False,False,False,False,False,False,False,False,False,False,False,True
215,18,6,4,1,10362,5,98666,-0.4448376,0.09030296,2.061851,179.0121,190.8318,True,False,False,False,False,False,False,False,False,False,False,False,True,False,False,False,False,False,False,False,False,False,False,False,False,False,False,True
215,18,6,4,1,10362,5,98666,-0.4732592,-0.3112876,2.180829,178.4643,259.5598,True,False,False,False,False,False,False,False,False,False,False,False,False,False,True,False,False,False,False,False,False,False,False,False,False,False,False,True
215,18,6,4,1,10362,5,98666,-0.4693817,-0.6549187,2.25079,181.4214,314.4178,True,True,False,False,False,False,False,False,False,False,False,False,False,False,False,False,False,False,False,False,False,False,False,False,False,False,False,True
215,18,6,4,1,10362,5,98666,-0.4913382,-0.7277371,2.178454,175.1051,330.3853,True,False,False,False,False,True,False,False,False,False,False,False,False,False,False,False,False,False,False,False,False,False,False,False,False,False,False,True
215,18,6,4,1,10362,5,98666,-0.2723885,0.1017203,2.100986,210.8035,189.1667,True,False,False,False,False,False,False,False,False,False,False,False,False,True,False,False,False,False,False,False,False,False,False,False,False,False,False,True
215,18,6,4,1,10362,5,98666,-0.2689376,-0.3396002,2.216858,213.806,263.3168,True,False,False,False,False,False,False,False,False,False,False,False,False,False,False,True,False,False,False,False,False,False,False,False,False,False,False,True
215,18,6,4,1,10362,5,98666,-0.1920958,-0.6490071,2.28876,227.4807,311.5524,True,False,True,False,False,False,False,False,False,False,False,False,False,False,False,False,False,False,False,False,False,False,False,False,False,False,False,True
215,18,6,4,1,10362,5,98666,-0.1653042,-0.7027935,2.2219,230.9791,323.7045,True,False,False,False,False,False,True,False,False,False,False,False,False,False,False,False,False,False,False,False,False,False,False,False,False,False,False,True
215,18,6,4,1,10362,5,98666,-0.4054557,0.5893247,2.030367,184.6944,99.7681,True,False,False,False,False,False,False,False,False,False,False,False,False,False,False,False,False,False,False,False,False,True,False,False,False,False,False,True
215,18,6,4,1,10362,5,98666,-0.3904879,0.9099572,1.623077,170.2342,1.410004,True,False,False,False,False,False,False,False,False,True,False,False,False,False,False,False,False,False,False,False,False,False,False,False,False,False,False,True
215,18,6,4,1,10362,5,98666,-0.4129691,0.8670566,1.5825,162.7365,6.020645,True,False,False,False,False,False,False,False,False,False,False,False,False,False,False,False,False,False,False,False,False,False,True,False,False,False,False,True
215,18,6,4,1,10362,5,98666,-0.3972318,0.9393659,1.692496,172.334,3.334839,True,False,False,False,False,False,False,False,False,False,True,False,False,False,False,False,False,False,False,False,False,False,False,False,False,False,False,True
215,18,6,4,1,10362,5,98666,-0.3611227,0.9364508,1.703,180.5588,4.997955,True,False,False,False,False,False,False,False,False,False,False,False,False,False,False,False,False,False,False,False,False,False,False,True,False,False,False,True
215,18,6,4,1,10363,5,98699,-0.3629241,0.09794945,2.114216,195.3112,189.9181,True,False,False,False,False,False,False,False,False,False,False,False,False,False,False,False,False,False,False,True,False,False,False,False,False,False,False,True
215,18,6,4,1,10363,5,98699,-0.3891161,0.3834101,2.068952,189.1201,138.6528,True,False,False,False,False,False,False,False,False,False,False,False,False,False,False,False,False,False,False,False,True,False,False,False,False,False,False,True
215,18,6,4,1,10363,5,98699,-0.4103236,0.6535285,2.014306,183.1846,87.09602,True,False,False,False,False,False,False,False,False,False,False,False,False,False,False,False,True,False,False,False,False,False,False,False,False,False,False,True
215,18,6,4,1,10363,5,98699,-0.4120707,0.7785317,2.018701,183.0207,64.46571,True,False,False,False,False,False,False,False,False,False,False,True,False,False,False,False,False,False,False,False,False,False,False,False,False,False,True,False
215,18,6,4,1,10363,5,98699,-0.5369287,0.5180629,1.986416,158.5897,110.6142,True,False,False,False,False,False,False,False,False,False,False,False,False,False,False,False,False,True,False,False,False,False,False,False,False,False,False,True
215,18,6,4,1,10363,5,98699,-0.4964518,0.7300121,1.787652,155.9326,56.2235,True,False,False,True,False,False,False,False,False,False,False,False,False,False,False,False,False,False,False,False,False,False,False,False,False,False,False,True
215,18,6,4,1,10363,5,98699,-0.4313039,0.8983564,1.674439,163.8807,10.0004,True,False,False,False,False,False,False,False,False,False,False,False,False,False,False,False,False,False,False,False,False,False,False,False,True,False,False,True
215,18,6,4,1,10363,5,98699,-0.4244298,0.908092,1.68165,165.7938,8.734894,True,False,False,False,False,False,False,True,False,False,False,False,False,False,False,False,False,False,False,False,False,False,False,False,False,False,False,True
215,18,6,4,1,10363,5,98699,-0.2799193,0.5973654,2.019107,207.2669,97.7501,True,False,False,False,False,False,False,False,False,False,False,False,False,False,False,False,False,False,True,False,False,False,False,False,False,False,False,True
215,18,6,4,1,10363,5,98699,-0.2302004,0.7540953,1.8189,211.6785,53.77489,True,False,False,False,True,False,False,False,False,False,False,False,False,False,False,False,False,False,False,False,False,False,False,False,False,False,False,True
215,18,6,4,1,10363,5,98699,-0.2816826,0.9175987,1.693073,197.2363,7.582092,True,False,False,False,False,False,False,False,False,False,False,False,False,False,False,False,False,False,False,False,False,False,False,False,False,True,False,True
215,18,6,4,1,10363,5,98699,-0.2969533,0.9232798,1.69286,193.9361,6.402954,True,False,False,False,False,False,False,False,True,False,False,False,False,False,False,False,False,False,False,False,False,False,False,False,False,False,False,True
215,18,6,4,1,10363,5,98699,-0.4425742,0.09090567,2.059517,179.3282,190.7061,True,False,False,False,False,False,False,False,False,False,False,False,True,False,False,False,False,False,False,False,False,False,False,False,False,False,False,True
215,18,6,4,1,10363,5,98699,-0.4730265,-0.3110862,2.180345,178.486,259.5374,True,False,False,False,False,False,False,False,False,False,False,False,False,False,True,False,False,False,False,False,False,False,False,False,False,False,False,True
215,18,6,4,1,10363,5,98699,-0.4693612,-0.6550749,2.250773,181.4241,314.4443,True,True,False,False,False,False,False,False,False,False,False,False,False,False,False,False,False,False,False,False,False,False,False,False,False,False,False,True
215,18,6,4,1,10363,5,98699,-0.4909335,-0.7272584,2.177841,175.1504,330.3387,True,False,False,False,False,True,False,False,False,False,False,False,False,False,False,False,False,False,False,False,False,False,False,False,False,False,False,True
215,18,6,4,1,10363,5,98699,-0.2711693,0.1020034,2.100249,211.0005,189.1111,True,False,False,False,False,False,False,False,False,False,False,False,False,True,False,False,False,False,False,False,False,False,False,False,False,False,False,True
215,18,6,4,1,10363,5,98699,-0.2688758,-0.33935,2.216035,213.7997,263.2962,True,False,False,False,False,False,False,False,False,False,False,False,False,False,False,True,False,False,False,False,False,False,False,False,False,False,False,True
215,18,6,4,1,10363,5,98699,-0.1915638,-0.6472993,2.287408,227.5486,311.3374,True,False,True,False,False,False,False,False,False,False,False,False,False,False,False,False,False,False,False,False,False,False,False,False,False,False,False,True
215,18,6,4,1,10363,5,98699,-0.1659302,-0.7019967,2.221411,230.8692,323.5973,True,False,False,False,False,False,True,False,False,False,False,False,False,False,False,False,False,False,False,False,False,False,False,False,False,False,False,True
215,18,6,4,1,10363,5,98699,-0.4055355,0.5880082,2.029689,184.6557,99.97252,True,False,False,False,False,False,False,False,False,False,False,False,False,False,False,False,False,False,False,False,False,True,False,False,False,False,False,True
215,18,6,4,1,10363,5,98699,-0.4024652,0.9319974,1.658784,169.5014,0.9997711,True,False,False,False,False,False,False,False,False,True,False,False,False,False,False,False,False,False,False,False,False,False,False,False,False,False,False,True
215,18,6,4,1,10363,5,98699,-0.4311489,0.8748487,1.641364,162.0025,11.27438,True,False,False,False,False,False,False,False,False,False,False,False,False,False,False,False,False,False,False,False,False,False,True,False,False,False,False,True
215,18,6,4,1,10363,5,98699,-0.3102041,0.9307053,1.661332,189.8684,1.221634,True,False,False,False,False,False,False,False,False,False,True,False,False,False,False,False,False,False,False,False,False,False,False,False,False,False,False,True
215,18,6,4,1,10363,5,98699,-0.3122877,0.925158,1.702833,191.0048,7.179092,True,False,False,False,False,False,False,False,False,False,False,False,False,False,False,False,False,False,False,False,False,False,False,True,False,False,False,True
215,18,6,4,1,10364,5,98734,-0.3616204,0.09840301,2.113288,195.511,189.8319,True,False,False,False,False,False,False,False,False,False,False,False,False,False,False,False,False,False,False,True,False,False,False,False,False,False,False,True
215,18,6,4,1,10364,5,98734,-0.3884414,0.3824761,2.068428,189.2236,138.8027,True,False,False,False,False,False,False,False,False,False,False,False,False,False,False,False,False,False,False,False,True,False,False,False,False,False,False,True
215,18,6,4,1,10364,5,98734,-0.4104271,0.6516516,2.013732,183.1446,87.40694,True,False,False,False,False,False,False,False,False,False,False,False,False,False,False,False,True,False,False,False,False,False,False,False,False,False,False,True
215,18,6,4,1,10364,5,98734,-0.412181,0.7766237,2.018143,182.9794,64.77505,True,False,False,False,False,False,False,False,False,False,False,True,False,False,False,False,False,False,False,False,False,False,False,False,False,False,True,False
215,18,6,4,1,10364,5,98734,-0.5374615,0.5182631,1.986349,158.4869,110.5734,True,False,False,False,False,False,False,False,False,False,False,False,False,False,False,False,False,True,False,False,False,False,False,False,False,False,False,True
215,18,6,4,1,10364,5,98734,-0.4999977,0.737096,1.795252,155.6444,55.41519,True,False,False,True,False,False,False,False,False,False,False,False,False,False,False,False,False,False,False,False,False,False,False,False,False,False,False,True
215,18,6,4,1,10364,5,98734,-0.4350512,0.9046715,1.680711,163.4318,9.390884,True,False,False,False,False,False,False,False,False,False,False,False,False,False,False,False,False,False,False,False,False,False,False,False,True,False,False,True
215,18,6,4,1,10364,5,98734,-0.431752,0.9161565,1.690694,164.7229,8.093567,True,False,False,False,False,False,False,True,False,False,False,False,False,False,False,False,False,False,False,False,False,False,False,False,False,False,False,True
215,18,6,4,1,10364,5,98734,-0.278471,0.6095431,2.018151,207.5023,95.4594,True,False,False,False,False,False,False,False,False,False,False,False,False,False,False,False,False,False,True,False,False,False,False,False,False,False,False,True
215,18,6,4,1,10364,5,98734,-0.2301353,0.7668859,1.823458,211.8102,51.57143,True,False,False,False,True,False,False,False,False,False,False,False,False,False,False,False,False,False,False,False,False,False,False,False,False,False,False,True
215,18,6,4,1,10364,5,98734,-0.285466,0.9253352,1.692469,196.4138,5.899811,True,False,False,False,False,False,False,False,False,False,False,False,False,False,False,False,False,False,False,False,False,False,False,False,False,True,False,True
215,18,6,4,1,10364,5,98734,-0.2968468,0.9328268,1.702294,194.3261,5.482224,True,False,False,False,False,False,False,False,True,False,False,False,False,False,False,False,False,False,False,False,False,False,False,False,False,False,False,True
215,18,6,4,1,10364,5,98734,-0.4404503,0.09110958,2.057734,179.6413,190.6559,True,False,False,False,False,False,False,False,False,False,False,False,True,False,False,False,False,False,False,False,False,False,False,False,False,False,False,True
215,18,6,4,1,10364,5,98734,-0.4726241,-0.3108563,2.179522,178.5241,259.5182,True,False,False,False,False,False,False,False,False,False,False,False,False,False,True,False,False,False,False,False,False,False,False,False,False,False,False,True
215,18,6,4,1,10364,5,98734,-0.4694557,-0.655104,2.25076,181.4081,314.4498,True,True,False,False,False,False,False,False,False,False,False,False,False,False,False,False,False,False,False,False,False,False,False,False,False,False,False,True
215,18,6,4,1,10364,5,98734,-0.4905779,-0.7273045,2.17654,175.1609,330.4203,True,False,False,False,False,True,False,False,False,False,False,False,False,False,False,False,False,False,False,False,False,False,False,False,False,False,False,True
215,18,6,4,1,10364,5,98734,-0.2705547,0.1025039,2.099958,211.1017,189.0211,True,False,False,False,False,False,False,False,False,False,False,False,False,True,False,False,False,False,False,False,False,False,False,False,False,False,False,True
215,18,6,4,1,10364,5,98734,-0.2689323,-0.3391379,2.214976,213.7689,263.2879,True,False,False,False,False,False,False,False,False,False,False,False,False,False,False,True,False,False,False,False,False,False,False,False,False,False,False,True
215,18,6,4,1,10364,5,98734,-0.1915879,-0.6474358,2.287594,227.5472,311.351,True,False,True,False,False,False,False,False,False,False,False,False,False,False,False,False,False,False,False,False,False,False,False,False,False,False,False,True
215,18,6,4,1,10364,5,98734,-0.1658933,-0.7020341,2.221001,230.8702,323.6252,True,False,False,False,False,False,True,False,False,False,False,False,False,False,False,False,False,False,False,False,False,False,False,False,False,False,False,True
215,18,6,4,1,10364,5,98734,-0.4054078,0.5862883,2.029164,184.6606,100.2589,True,False,False,False,False,False,False,False,False,False,False,False,False,False,False,False,False,False,False,False,False,True,False,False,False,False,False,True
215,18,6,4,1,10364,5,98734,-0.4056505,0.952154,1.697796,170.8379,1.334747,True,False,False,False,False,False,False,False,False,True,False,False,False,False,False,False,False,False,False,False,False,False,False,False,False,False,False,True
215,18,6,4,1,10364,5,98734,-0.4385039,0.9032645,1.654625,161.2482,6.753418,True,False,False,False,False,False,False,False,False,False,False,False,False,False,False,False,False,False,False,False,False,False,True,False,False,False,False,True
215,18,6,4,1,10364,5,98734,-0.3026602,0.9375189,1.671901,191.9523,1.00499,True,False,False,False,False,False,False,False,False,False,True,False,False,False,False,False,False,False,False,False,False,False,False,False,False,False,False,True
215,18,6,4,1,10364,5,98734,-0.3095623,0.9356362,1.716857,192.1422,6.575119,True,False,False,False,False,False,False,False,False,False,False,False,False,False,False,False,False,False,False,False,False,False,False,True,False,False,False,True
215,18,6,4,1,10365,5,98766,-0.3624875,0.1003448,2.111028,195.2914,189.4749,True,False,False,False,False,False,False,False,False,False,False,False,False,False,False,False,False,False,False,True,False,False,False,False,False,False,False,True
215,18,6,4,1,10365,5,98766,-0.3886064,0.3824378,2.06779,189.1726,138.7883,True,False,False,False,False,False,False,False,False,False,False,False,False,False,False,False,False,False,False,False,True,False,False,False,False,False,False,True
215,18,6,4,1,10365,5,98766,-0.4105473,0.6512234,2.013438,183.1117,87.46814,True,False,False,False,False,False,False,False,False,False,False,False,False,False,False,False,True,False,False,False,False,False,False,False,False,False,False,True
215,18,6,4,1,10365,5,98766,-0.4123054,0.7761903,2.017853,182.9457,64.83391,True,False,False,False,False,False,False,False,False,False,False,True,False,False,False,False,False,False,False,False,False,False,False,False,False,False,True,False
215,18,6,4,1,10365,5,98766,-0.5287194,0.555617,1.97844,159.7085,103.2019,True,False,False,False,False,False,False,False,False,False,False,False,False,False,False,False,False,True,False,False,False,False,False,False,False,False,False,True
215,18,6,4,1,10365,5,98766,-0.4981242,0.7717471,1.783222,155.405,47.32356,True,False,False,True,False,False,False,False,False,False,False,False,False,False,False,False,False,False,False,False,False,False,False,False,False,False,False,True
215,18,6,4,1,10365,5,98766,-0.4266152,0.9491785,1.692519,166.0683,1.438324,True,False,False,False,False,False,False,False,False,False,False,False,False,False,False,False,False,False,False,False,False,False,False,False,True,False,False,True
215,18,6,4,1,10365,5,98766,-0.4307135,0.9367385,1.694081,165.2131,4.201965,True,False,False,False,False,False,False,True,False,False,False,False,False,False,False,False,False,False,False,False,False,False,False,False,False,False,False,True
215,18,6,4,1,10365,5,98766,-0.2781856,0.6136091,2.018143,207.5525,94.71141,True,False,False,False,False,False,False,False,False,False,False,False,False,False,False,False,False,False,True,False,False,False,False,False,False,False,False,True
215,18,6,4,1,10365,5,98766,-0.2299379,0.7737247,1.829955,212.0163,50.74467,True,False,False,False,True,False,False,False,False,False,False,False,False,False,False,False,False,False,False,False,False,False,False,False,False,False,False,True
215,18,6,4,1,10365,5,98766,-0.2903523,0.9416397,1.715784,196.2186,5.167206,True,False,False,False,False,False,False,False,False,False,False,False,False,False,False,False,False,False,False,False,False,False,False,False,False,True,False,True
215,18,6,4,1,10365,5,98766,-0.2975411,0.9441529,1.717474,194.7501,4.857208,True,False,False,False,False,False,False,False,True,False,False,False,False,False,False,False,False,False,False,False,False,False,False,False,False,False,False,True
215,18,6,4,1,10365,5,98766,-0.4414682,0.09427757,2.054443,179.3303,190.0616,True,False,False,False,False,False,False,False,False,False,False,False,True,False,False,False,False,False,False,False,False,False,False,False,False,False,False,True
215,18,6,4,1,10365,5,98766,-0.4723336,-0.309847,2.178679,178.5429,259.3674,True,False,False,False,False,False,False,False,False,False,False,False,False,False,True,False,False,False,False,False,False,False,False,False,False,False,False,True
215,18,6,4,1,10365,5,98766,-0.4694349,-0.655063,2.250752,181.4112,314.4434,True,True,False,False,False,False,False,False,False,False,False,False,False,False,False,False,False,False,False,False,False,False,False,False,False,False,False,True
215,18,6,4,1,10365,5,98766,-0.4901636,-0.7272171,2.175991,175.2102,330.4367,True,False,False,False,False,True,False,False,False,False,False,False,False,False,False,False,False,False,False,False,False,False,False,False,False,False,False,True
215,18,6,4,1,10365,5,98766,-0.2713217,0.1034497,2.098694,210.9383,188.8445,True,False,False,False,False,False,False,False,False,False,False,False,False,True,False,False,False,False,False,False,False,False,False,False,False,False,False,True
215,18,6,4,1,10365,5,98766,-0.268869,-0.3380276,2.214254,213.7653,263.1213,True,False,False,False,False,False,False,False,False,False,False,False,False,False,False,True,False,False,False,False,False,False,False,False,False,False,False,True
215,18,6,4,1,10365,5,98766,-0.1915656,-0.6467071,2.286834,227.5407,311.2676,True,False,True,False,False,False,False,False,False,False,False,False,False,False,False,False,False,False,False,False,False,False,False,False,False,False,False,True
215,18,6,4,1,10365,5,98766,-0.1649998,-0.7022617,2.223194,231.0459,323.5472,True,False,False,False,False,False,True,False,False,False,False,False,False,False,False,False,False,False,False,False,False,False,False,False,False,False,False,True
215,18,6,4,1,10365,5,98766,-0.4055349,0.585921,2.028825,184.6252,100.3081,True,False,False,False,False,False,False,False,False,False,False,False,False,False,False,False,False,False,False,False,False,True,False,False,False,False,False,True
215,18,6,4,1,10365,5,98766,-0.4272812,0.9331031,1.6858,165.5032,3.999969,True,False,False,False,False,False,False,False,False,True,False,False,False,False,False,False,False,False,False,False,False,False,False,False,False,False,False,True
215,18,6,4,1,10365,5,98766,-0.4375075,0.9236792,1.658093,161.7573,2.837204,True,False,False,False,False,False,False,False,False,False,False,False,False,False,False,False,False,False,False,False,False,False,True,False,False,False,True,False
215,18,6,4,1,10365,5,98766,-0.3138727,0.958349,1.708889,190.9862,0.9999237,True,False,False,False,False,False,False,False,False,False,True,False,False,False,False,False,False,False,False,False,False,False,False,False,False,False,False,True
215,18,6,4,1,10365,5,98766,-0.3156504,0.9506265,1.739143,191.7136,6.000717,True,False,False,False,False,False,False,False,False,False,False,False,False,False,False,False,False,False,False,False,False,False,False,True,False,False,False,True
215,18,6,4,1,10366,5,98798,-0.3627584,0.1028145,2.109338,195.1926,189.0301,True,False,False,False,False,False,False,False,False,False,False,False,False,False,False,False,False,False,False,True,False,False,False,False,False,False,False,True
215,18,6,4,1,10366,5,98798,-0.3887563,0.3826278,2.067205,189.126,138.7348,True,False,False,False,False,False,False,False,False,False,False,False,False,False,False,False,False,False,False,False,True,False,False,False,False,False,False,True
215,18,6,4,1,10366,5,98798,-0.4108484,0.6507749,2.013094,183.0435,87.53008,True,False,False,False,False,False,False,False,False,False,False,False,False,False,False,False,True,False,False,False,False,False,False,False,False,False,False,True
215,18,6,4,1,10366,5,98798,-0.4126149,0.7757362,2.017512,182.8763,64.89302,True,False,False,False,False,False,False,False,False,False,False,True,False,False,False,False,False,False,False,False,False,False,False,False,False,False,True,False
215,18,6,4,1,10366,5,98798,-0.527782,0.5719503,1.975906,159.7527,100.0101,True,False,False,False,False,False,False,False,False,False,False,False,False,False,False,False,False,True,False,False,False,False,False,False,False,False,False,True
215,18,6,4,1,10366,5,98798,-0.4991683,0.7874069,1.779753,155.0243,43.82462,True,False,False,True,False,False,False,False,False,False,False,False,False,False,False,False,False,False,False,False,False,False,False,False,False,False,False,True
215,18,6,4,1,10366,5,98798,-0.4227477,0.9645107,1.692969,166.9935,-1.680954,True,False,False,False,False,False,False,False,False,False,False,False,False,False,False,False,False,False,False,False,False,False,False,False,True,False,False,True
215,18,6,4,1,10366,5,98798,-0.3891484,1.033952,1.675347,173.7292,-18.11649,True,False,False,False,False,False,False,True,False,False,False,False,False,False,False,False,False,False,False,False,False,False,False,False,False,False,True,False
215,18,6,4,1,10366,5,98798,-0.2781184,0.6154286,2.018419,207.571,94.39233,True,False,False,False,False,False,False,False,False,False,False,False,False,False,False,False,False,False,True,False,False,False,False,False,False,False,False,True
215,18,6,4,1,10366,5,98798,-0.2304708,0.7823668,1.834051,212.014,49.35742,True,False,False,False,True,False,False,False,False,False,False,False,False,False,False,False,False,False,False,False,False,False,False,False,False,False,False,True
215,18,6,4,1,10366,5,98798,-0.292821,0.948772,1.718647,195.8093,4.026733,True,False,False,False,False,False,False,False,False,False,False,False,False,False,False,False,False,False,False,False,False,False,False,False,False,True,False,True
215,18,6,4,1,10366,5,98798,-0.3024118,0.9546528,1.727993,194.1161,3.899353,True,False,False,False,False,False,False,False,True,False,False,False,False,False,False,False,False,False,False,False,False,False,False,False,False,False,False,True
215,18,6,4,1,10366,5,98798,-0.4414844,0.09729929,2.052798,179.263,189.506,True,False,False,False,False,False,False,False,False,False,False,False,True,False,False,False,False,False,False,False,False,False,False,False,False,False,False,True
215,18,6,4,1,10366,5,98798,-0.4720114,-0.3101497,2.178443,178.5888,259.4243,True,False,False,False,False,False,False,False,False,False,False,False,False,False,True,False,False,False,False,False,False,False,False,False,False,False,False,True
215,18,6,4,1,10366,5,98798,-0.4694404,-0.6553249,2.250732,181.4096,314.4875,True,True,False,False,False,False,False,False,False,False,False,False,False,False,False,False,False,False,False,False,False,False,False,False,False,False,False,True
215,18,6,4,1,10366,5,98798,-0.4901723,-0.7273163,2.175247,175.1803,330.4958,True,False,False,False,False,True,False,False,False,False,False,False,False,False,False,False,False,False,False,False,False,False,False,False,False,False,False,True
215,18,6,4,1,10366,5,98798,-0.2718885,0.1052292,2.097193,210.8044,188.5195,True,False,False,False,False,False,False,False,False,False,False,False,False,True,False,False,False,False,False,False,False,False,False,False,False,False,False,True
215,18,6,4,1,10366,5,98798,-0.2687759,-0.3361,2.213295,213.7621,262.8243,True,False,False,False,False,False,False,False,False,False,False,False,False,False,False,True,False,False,False,False,False,False,False,False,False,False,False,True
215,18,6,4,1,10366,5,98798,-0.1868861,-0.6583552,2.295007,228.4005,312.7764,True,False,True,False,False,False,False,False,False,False,False,False,False,False,False,False,False,False,False,False,False,False,False,False,False,False,False,True
215,18,6,4,1,10366,5,98798,-0.1637242,-0.7069845,2.21841,231.1976,324.5907,True,False,False,False,False,False,True,False,False,False,False,False,False,False,False,False,False,False,False,False,False,False,False,False,False,False,False,True
215,18,6,4,1,10366,5,98798,-0.405776,0.5856203,2.028474,184.5686,100.3443,True,False,False,False,False,False,False,False,False,False,False,False,False,False,False,False,False,False,False,False,False,True,False,False,False,False,False,True
215,18,6,4,1,10366,5,98798,-0.3859417,1.029901,1.667254,174.022,-18.31593,True,False,False,False,False,False,False,False,False,True,False,False,False,False,False,False,False,False,False,False,False,False,False,False,False,False,True,False
215,18,6,4,1,10366,5,98798,-0.3964622,1.019935,1.639793,170.3541,-19.65211,True,False,False,False,False,False,False,False,False,False,False,False,False,False,False,False,False,False,False,False,False,False,True,False,False,False,True,False
215,18,6,4,1,10366,5,98798,-0.3161587,0.9653834,1.721433,190.99,0.9998932,True,False,False,False,False,False,False,False,False,False,True,False,False,False,False,False,False,False,False,False,False,False,False,False,False,False,False,True
215,18,6,4,1,10366,5,98798,-0.3144965,0.9573888,1.747714,192.2865,5.572952,True,False,False,False,False,False,False,False,False,False,False,False,False,False,False,False,False,False,False,False,False,False,False,True,False,False,False,True
215,18,6,4,1,10367,5,98832,-0.3626601,0.1037101,2.108726,195.1912,188.8686,True,False,False,False,False,False,False,False,False,False,False,False,False,False,False,False,False,False,False,True,False,False,False,False,False,False,False,True
215,18,6,4,1,10367,5,98832,-0.3888544,0.3828761,2.066643,189.0892,138.6717,True,False,False,False,False,False,False,False,False,False,False,False,False,False,False,False,False,False,False,False,True,False,False,False,False,False,False,True
215,18,6,4,1,10367,5,98832,-0.4112185,0.6507146,2.01256,182.9555,87.50924,True,False,False,False,False,False,False,False,False,False,False,False,False,False,False,False,True,False,False,False,False,False,False,False,False,False,False,True
215,18,6,4,1,10367,5,98832,-0.4129941,0.7756798,2.016977,182.7868,64.86583,True,False,False,False,False,False,False,False,False,False,False,True,False,False,False,False,False,False,False,False,False,False,False,False,False,False,True,False
215,18,6,4,1,10367,5,98832,-0.5277919,0.5748864,1.975322,159.7209,99.42842,True,False,False,False,False,False,False,False,False,False,False,False,False,False,False,False,False,True,False,False,False,False,False,False,False,False,False,True
215,18,6,4,1,10367,5,98832,-0.5022199,0.7935833,1.782744,154.58,42.8419,True,False,False,True,False,False,False,False,False,False,False,False,False,False,False,False,False,False,False,False,False,False,False,False,False,False,False,True
215,18,6,4,1,10367,5,98832,-0.4227543,0.9700214,1.697458,167.246,-2.290466,True,False,False,False,False,False,False,False,False,False,False,False,False,False,False,False,False,False,False,False,False,False,False,False,True,False,False,True
215,18,6,4,1,10367,5,98832,-0.3870194,1.037457,1.676511,174.2621,-18.69308,True,False,False,False,False,False,False,True,False,False,False,False,False,False,False,False,False,False,False,False,False,False,False,False,False,False,True,False
215,18,6,4,1,10367,5,98832,-0.2779313,0.616407,2.018803,207.6146,94.23415,True,False,False,False,False,False,False,False,False,False,False,False,False,False,False,False,False,False,True,False,False,False,False,False,False,False,False,True
215,18,6,4,1,10367,5,98832,-0.2312855,0.788049,1.838245,211.9571,48.57808,True,False,False,False,True,False,False,False,False,False,False,False,False,False,False,False,False,False,False,False,False,False,False,False,False,False,False,True
215,18,6,4,1,10367,5,98832,-0.2936347,0.9553839,1.72442,195.854,3.324173,True,False,False,False,False,False,False,False,False,False,False,False,False,False,False,False,False,False,False,False,False,False,False,False,False,True,False,True
215,18,6,4,1,10367,5,98832,-0.3042075,0.9638478,1.745782,194.3907,4.024078,True,False,False,False,False,False,False,False,True,False,False,False,False,False,False,False,False,False,False,False,False,False,False,False,False,False,False,True
215,18,6,4,1,10367,5,98832,-0.4412792,0.0982896,2.052194,179.2764,189.3231,True,False,False,False,False,False,False,False,False,False,False,False,True,False,False,False,False,False,False,False,False,False,False,False,False,False,False,True
215,18,6,4,1,10367,5,98832,-0.4718781,-0.3105221,2.178242,178.6038,259.4922,True,False,False,False,False,False,False,False,False,False,False,False,False,False,True,False,False,False,False,False,False,False,False,False,False,False,False,True
215,18,6,4,1,10367,5,98832,-0.4696131,-0.6554112,2.250717,181.3806,314.5025,True,True,False,False,False,False,False,False,False,False,False,False,False,False,False,False,False,False,False,False,False,False,False,False,False,False,False,True
215,18,6,4,1,10367,5,98832,-0.4901766,-0.7273654,2.175015,175.1706,330.5174,True,False,False,False,False,True,False,False,False,False,False,False,False,False,False,False,False,False,False,False,False,False,False,False,False,False,False,True
215,18,6,4,1,10367,5,98832,-0.2719463,0.105934,2.096677,210.7823,188.3914,True,False,False,False,False,False,False,False,False,False,False,False,False,True,False,False,False,False,False,False,False,False,False,False,False,False,False,True
215,18,6,4,1,10367,5,98832,-0.2681216,-0.3353564,2.212944,213.8642,262.709,True,False,False,False,False,False,False,False,False,False,False,False,False,False,False,True,False,False,False,False,False,False,False,False,False,False,False,True
215,18,6,4,1,10367,5,98832,-0.188761,-0.6545428,2.292224,228.063,312.2888,True,False,True,False,False,False,False,False,False,False,False,False,False,False,False,False,False,False,False,False,False,False,False,False,False,False,False,True
215,18,6,4,1,10367,5,98832,-0.16422,-0.7057369,2.219838,231.1331,324.3058,True,False,False,False,False,False,True,False,False,False,False,False,False,False,False,False,False,False,False,False,False,False,False,False,False,False,False,True
215,18,6,4,1,10367,5,98832,-0.4060691,0.5855974,2.027968,184.4966,100.3216,True,False,False,False,False,False,False,False,False,False,False,False,False,False,False,False,False,False,False,False,False,True,False,False,False,False,False,True
215,18,6,4,1,10367,5,98832,-0.3838252,1.033394,1.668421,174.5547,-18.89223,True,False,False,False,False,False,False,False,False,True,False,False,False,False,False,False,False,False,False,False,False,False,False,False,False,False,True,False
215,18,6,4,1,10367,5,98832,-0.3955739,1.021407,1.640289,170.5831,-19.89761,True,False,False,False,False,False,False,False,False,False,False,False,False,False,False,False,False,False,False,False,False,False,True,False,False,False,True,False
215,18,6,4,1,10367,5,98832,-0.317961,0.9742344,1.740228,191.3317,1.336777,True,False,False,False,False,False,False,False,False,False,True,False,False,False,False,False,False,False,False,False,False,False,False,False,False,False,False,True
215,18,6,4,1,10367,5,98832,-0.3166158,0.9672414,1.75825,192.2505,4.752151,True,False,False,False,False,False,False,False,False,False,False,False,False,False,False,False,False,False,False,False,False,False,False,True,False,False,False,True
215,18,6,4,1,10368,5,98867,-0.3626803,0.1052157,2.107944,195.1638,188.5991,True,False,False,False,False,False,False,False,False,False,False,False,False,False,False,False,False,False,False,True,False,False,False,False,False,False,False,True
215,18,6,4,1,10368,5,98867,-0.3889588,0.3831069,2.06628,189.0582,138.6182,True,False,False,False,False,False,False,False,False,False,False,False,False,False,False,False,False,False,False,False,True,False,False,False,False,False,False,True
215,18,6,4,1,10368,5,98867,-0.4114675,0.6505001,2.01237,182.9026,87.53735,True,False,False,False,False,False,False,False,False,False,False,False,False,False,False,False,True,False,False,False,False,False,False,False,False,False,False,True
215,18,6,4,1,10368,5,98867,-0.4132495,0.7754627,2.016789,182.733,64.8923,True,False,False,False,False,False,False,False,False,False,False,True,False,False,False,False,False,False,False,False,False,False,False,False,False,False,True,False
215,18,6,4,1,10368,5,98867,-0.5281261,0.5762414,1.975261,159.6549,99.17126,True,False,False,False,False,False,False,False,False,False,False,False,False,False,False,False,False,True,False,False,False,False,False,False,False,False,False,True
215,18,6,4,1,10368,5,98867,-0.5042818,0.797955,1.786294,154.3685,42.2778,True,False,False,True,False,False,False,False,False,False,False,False,False,False,False,False,False,False,False,False,False,False,False,False,False,False,False,True
215,18,6,4,1,10368,5,98867,-0.4236629,0.9750109,1.703785,167.3947,-2.573517,True,False,False,False,False,False,False,False,False,False,False,False,False,False,False,False,False,False,False,False,False,False,False,False,True,False,False,True
215,18,6,4,1,10368,5,98867,-0.3918804,1.046996,1.696039,174.1723,-18.18317,True,False,False,False,False,False,False,True,False,False,False,False,False,False,False,False,False,False,False,False,False,False,False,False,False,False,True,False
215,18,6,4,1,10368,5,98867,-0.2779811,0.6180978,2.018944,207.6084,93.93125,True,False,False,False,False,False,False,False,False,False,False,False,False,False,False,False,False,False,True,False,False,False,False,False,False,False,False,True
215,18,6,4,1,10368,5,98867,-0.2314434,0.7916988,1.84255,212.0345,48.21774,True,False,False,False,True,False,False,False,False,False,False,False,False,False,False,False,False,False,False,False,False,False,False,False,False,False,False,True
215,18,6,4,1,10368,5,98867,-0.2947057,0.9588867,1.729077,195.7974,3.136292,True,False,False,False,False,False,False,False,False,False,False,False,False,False,False,False,False,False,False,False,False,False,False,False,False,True,False,True
215,18,6,4,1,10368,5,98867,-0.3043993,0.959103,1.742318,194.2164,4.601059,True,False,False,False,False,False,False,False,True,False,False,False,False,False,False,False,False,False,False,False,False,False,False,False,False,False,False,True
215,18,6,4,1,10368,5,98867,-0.4412485,0.1000283,2.051633,179.2597,189.0062,True,False,False,False,False,False,False,False,False,False,False,False,True,False,False,False,False,False,False,False,False,False,False,False,False,False,False,True
215,18,6,4,1,10368,5,98867,-0.4718484,-0.3104206,2.178137,178.605,259.4775,True,False,False,False,False,False,False,False,False,False,False,False,False,False,True,False,False,False,False,False,False,False,False,False,False,False,False,True
215,18,6,4,1,10368,5,98867,-0.4693738,-0.6553211,2.250547,181.4141,314.4957,True,True,False,False,False,False,False,False,False,False,False,False,False,False,False,False,False,False,False,False,False,False,False,False,False,False,False,True
215,18,6,4,1,10368,5,98867,-0.4908363,-0.7278818,2.176118,175.1007,330.5425,True,False,False,False,False,True,False,False,False,False,False,False,False,False,False,False,False,False,False,False,False,False,False,False,False,False,False,True
215,18,6,4,1,10368,5,98867,-0.2720757,0.1071407,2.095772,210.7387,188.1717,True,False,False,False,False,False,False,False,False,False,False,False,False,True,False,False,False,False,False,False,False,False,False,False,False,False,False,True
215,18,6,4,1,10368,5,98867,-0.2675604,-0.3341335,2.212174,213.9426,262.5243,True,False,False,False,False,False,False,False,False,False,False,False,False,False,False,True,False,False,False,False,False,False,False,False,False,False,False,True
215,18,6,4,1,10368,5,98867,-0.1891728,-0.6536481,2.290719,227.9768,312.2136,True,False,True,False,False,False,False,False,False,False,False,False,False,False,False,False,False,False,False,False,False,False,False,False,False,False,False,True
215,18,6,4,1,10368,5,98867,-0.1639864,-0.7059779,2.220462,231.1796,324.3129,True,False,False,False,False,False,True,False,False,False,False,False,False,False,False,False,False,False,False,False,False,False,False,False,False,False,False,True
215,18,6,4,1,10368,5,98867,-0.4062626,0.5854748,2.02777,184.4541,100.3334,True,False,False,False,False,False,False,False,False,False,False,False,False,False,False,False,False,False,False,False,False,True,False,False,False,False,False,True
215,18,6,4,1,10368,5,98867,-0.3886835,1.042943,1.687945,174.4615,-18.38017,True,False,False,False,False,False,False,False,False,True,False,False,False,False,False,False,False,False,False,False,False,False,False,False,False,False,True,False
215,18,6,4,1,10368,5,98867,-0.3992165,1.032975,1.660482,170.8429,-19.7012,True,False,False,False,False,False,False,False,False,False,False,False,False,False,False,False,False,False,False,False,False,False,True,False,False,False,True,False
215,18,6,4,1,10368,5,98867,-0.3023077,0.9587505,1.7099,193.4988,0.9999847,True,False,False,False,False,False,False,False,False,False,True,False,False,False,False,False,False,False,False,False,False,False,False,False,False,False,False,True
215,18,6,4,1,10368,5,98867,-0.3193938,0.9564323,1.758834,191.6658,7.000015,True,False,False,False,False,False,False,False,False,False,False,False,False,False,False,False,False,False,False,False,False,False,False,True,False,False,False,True
215,18,6,4,1,10369,5,98899,-0.3625558,0.1061878,2.107683,195.1775,188.4272,True,False,False,False,False,False,False,False,False,False,False,False,False,False,False,False,False,False,False,True,False,False,False,False,False,False,False,True
215,18,6,4,1,10369,5,98899,-0.3890027,0.383262,2.066116,189.0447,138.5849,True,False,False,False,False,False,False,False,False,False,False,False,False,False,False,False,False,False,False,False,True,False,False,False,False,False,False,True
215,18,6,4,1,10369,5,98899,-0.4116918,0.6503232,2.012252,182.857,87.56281,True,False,False,False,False,False,False,False,False,False,False,False,False,False,False,False,True,False,False,False,False,False,False,False,False,False,False,True
215,18,6,4,1,10369,5,98899,-0.4134797,0.7752831,2.016671,182.6864,64.91695,True,False,False,False,False,False,False,False,False,False,False,True,False,False,False,False,False,False,False,False,False,False,False,False,False,False,True,False
215,18,6,4,1,10369,5,98899,-0.5283499,0.5774642,1.975289,159.6141,98.94371,True,False,False,False,False,False,False,False,False,False,False,False,False,False,False,False,False,True,False,False,False,False,False,False,False,False,False,True
215,18,6,4,1,10369,5,98899,-0.5075581,0.801284,1.788741,153.8443,41.8307,True,False,False,True,False,False,False,False,False,False,False,False,False,False,False,False,False,False,False,False,False,False,False,False,False,False,False,True
215,18,6,4,1,10369,5,98899,-0.4241347,0.9789308,1.710975,167.6726,-2.540497,True,False,False,False,False,False,False,False,False,False,False,False,False,False,False,False,False,False,False,False,False,False,False,False,True,False,False,True
215,18,6,4,1,10369,5,98899,-0.3970976,1.053021,1.705855,173.548,-18.15947,True,False,False,False,False,False,False,True,False,False,False,False,False,False,False,False,False,False,False,False,False,False,False,False,False,False,True,False
215,18,6,4,1,10369,5,98899,-0.2780085,0.6187994,2.019334,207.6129,93.82426,True,False,False,False,False,False,False,False,False,False,False,False,False,False,False,False,False,False,True,False,False,False,False,False,False,False,False,True
215,18,6,4,1,10369,5,98899,-0.2322073,0.805844,1.840246,211.8274,45.19434,True,False,False,False,True,False,False,False,False,False,False,False,False,False,False,False,False,False,False,False,False,False,False,False,False,False,False,True
215,18,6,4,1,10369,5,98899,-0.3028365,0.9709107,1.72831,194.0809,0.6181793,True,False,False,False,False,False,False,False,False,False,False,False,False,False,False,False,False,False,False,False,False,False,False,False,False,True,False,True
215,18,6,4,1,10369,5,98899,-0.3087923,0.965547,1.735652,193.0707,2.557159,True,False,False,False,False,False,False,False,True,False,False,False,False,False,False,False,False,False,False,False,False,False,False,False,False,False,False,True
215,18,6,4,1,10369,5,98899,-0.4410348,0.1011435,2.051328,179.2862,188.8034,True,False,False,False,False,False,False,False,False,False,False,False,True,False,False,False,False,False,False,False,False,False,False,False,False,False,False,True
215,18,6,4,1,10369,5,98899,-0.4716597,-0.3103512,2.178012,178.6325,259.4687,True,False,False,False,False,False,False,False,False,False,False,False,False,False,True,False,False,False,False,False,False,False,False,False,False,False,False,True
215,18,6,4,1,10369,5,98899,-0.4693136,-0.6552351,2.250437,181.4203,314.4868,True,True,False,False,False,False,False,False,False,False,False,False,False,False,False,False,False,False,False,False,False,False,False,False,False,False,False,True
215,18,6,4,1,10369,5,98899,-0.4906874,-0.7277575,2.175718,175.1107,330.5441,True,False,False,False,False,True,False,False,False,False,False,False,False,False,False,False,False,False,False,False,False,False,False,False,False,False,False,True
215,18,6,4,1,10369,5,98899,-0.2720731,0.1079087,2.095595,210.735,188.0354,True,False,False,False,False,False,False,False,False,False,False,False,False,True,False,False,False,False,False,False,False,False,False,False,False,False,False,True
215,18,6,4,1,10369,5,98899,-0.2674662,-0.3334607,2.211789,213.9508,262.4217,True,False,False,False,False,False,False,False,False,False,False,False,False,False,False,True,False,False,False,False,False,False,False,False,False,False,False,True
215,18,6,4,1,10369,5,98899,-0.19009,-0.6483554,2.28781,227.7915,311.4898,True,False,True,False,False,False,False,False,False,False,False,False,False,False,False,False,False,False,False,False,False,False,False,False,False,False,False,True
215,18,6,4,1,10369,5,98899,-0.1652329,-0.7031813,2.221583,230.9869,323.7861,True,False,False,False,False,False,True,False,False,False,False,False,False,False,False,False,False,False,False,False,False,False,False,False,False,False,False,True
215,18,6,4,1,10369,5,98899,-0.4064188,0.5853809,2.027658,184.4215,100.3446,True,False,False,False,False,False,False,False,False,False,False,False,False,False,False,False,False,False,False,False,False,True,False,False,False,False,False,True
215,18,6,4,1,10369,5,98899,-0.3938873,1.04897,1.697762,173.8354,-18.35532,True,False,False,False,False,False,False,False,False,True,False,False,False,False,False,False,False,False,False,False,False,False,False,False,False,False,True,False
215,18,6,4,1,10369,5,98899,-0.4044026,1.039003,1.670303,170.2331,-19.66702,True,False,False,False,False,False,False,False,False,False,False,False,False,False,False,False,False,False,False,False,False,False,True,False,False,False,True,False
215,18,6,4,1,10369,5,98899,-0.3300379,0.9931854,1.770885,190.0,1.000015,True,False,False,False,False,False,False,False,False,False,True,False,False,False,False,False,False,False,False,False,False,False,False,False,False,False,False,True
215,18,6,4,1,10369,5,98899,-0.3212544,0.9692148,1.764,191.4997,5.000015,True,False,False,False,False,False,False,False,False,False,False,False,False,False,False,False,False,False,False,False,False,False,False,True,False,False,False,True
215,18,6,4,1,10370,5,98933,-0.3624427,0.1065522,2.107602,195.1948,188.3629,True,False,False,False,False,False,False,False,False,False,False,False,False,False,False,False,False,False,False,True,False,False,False,False,False,False,False,True
215,18,6,4,1,10370,5,98933,-0.3889697,0.3833244,2.066066,189.0489,138.5722,True,False,False,False,False,False,False,False,False,False,False,False,False,False,False,False,False,False,False,False,True,False,False,False,False,False,False,True
215,18,6,4,1,10370,5,98933,-0.4117047,0.6502712,2.012254,182.8547,87.57251,True,False,False,False,False,False,False,False,False,False,False,False,False,False,False,False,True,False,False,False,False,False,False,False,False,False,False,True
215,18,6,4,1,10370,5,98933,-0.4134929,0.7752301,2.016674,182.6841,64.92685,True,False,False,False,False,False,False,False,False,False,False,True,False,False,False,False,False,False,False,False,False,False,False,False,False,False,True,False
215,18,6,4,1,10370,5,98933,-0.5285509,0.5784113,1.975377,159.5807,98.77113,True,False,False,False,False,False,False,False,False,False,False,False,False,False,False,False,False,True,False,False,False,False,False,False,False,False,False,True
215,18,6,4,1,10370,5,98933,-0.5104026,0.8037325,1.790586,153.3736,41.50798,True,False,False,True,False,False,False,False,False,False,False,False,False,False,False,False,False,False,False,False,False,False,False,False,False,False,False,True
215,18,6,4,1,10370,5,98933,-0.4227411,0.9786564,1.710769,167.9564,-2.515213,True,False,False,False,False,False,False,False,False,False,False,False,False,False,False,False,False,False,False,False,False,False,False,False,True,False,False,True
215,18,6,4,1,10370,5,98933,-0.3942033,1.052055,1.703882,174.0653,-18.22348,True,False,False,False,False,False,False,True,False,False,False,False,False,False,False,False,False,False,False,False,False,False,False,False,False,False,True,False
215,18,6,4,1,10370,5,98933,-0.2774943,0.6200336,2.019374,207.7075,93.59991,True,False,False,False,False,False,False,False,False,False,False,False,False,False,False,False,False,False,True,False,False,False,False,False,False,False,False,True
215,18,6,4,1,10370,5,98933,-0.2317532,0.8047836,1.843659,212.0038,45.70322,True,False,False,False,True,False,False,False,False,False,False,False,False,False,False,False,False,False,False,False,False,False,False,False,False,False,False,True
215,18,6,4,1,10370,5,98933,-0.3031927,0.9716325,1.735334,194.2565,1.270004,True,False,False,False,False,False,False,False,False,False,False,False,False,False,False,False,False,False,False,False,False,False,False,False,False,True,False,True
215,18,6,4,1,10370,5,98933,-0.3123688,0.9747595,1.756622,193.0963,3.049469,True,False,False,False,False,False,False,False,True,False,False,False,False,False,False,False,False,False,False,False,False,False,False,False,False,False,False,True
215,18,6,4,1,10370,5,98933,-0.4408708,0.1016036,2.051204,179.3109,188.7197,True,False,False,False,False,False,False,False,False,False,False,False,True,False,False,False,False,False,False,False,False,False,False,False,False,False,False,True
215,18,6,4,1,10370,5,98933,-0.4716845,-0.3099023,2.177276,178.6014,259.4104,True,False,False,False,False,False,False,False,False,False,False,False,False,False,True,False,False,False,False,False,False,False,False,False,False,False,False,True
215,18,6,4,1,10370,5,98933,-0.4694986,-0.6550436,2.250819,181.4031,314.437,True,True,False,False,False,False,False,False,False,False,False,False,False,False,False,False,False,False,False,False,False,False,False,False,False,False,False,True
215,18,6,4,1,10370,5,98933,-0.4906319,-0.7277244,2.175629,175.1167,330.5435,True,False,False,False,False,True,False,False,False,False,False,False,False,False,False,False,False,False,False,False,False,False,False,False,False,False,False,True
215,18,6,4,1,10370,5,98933,-0.2720295,0.108157,2.09557,210.7421,187.9916,True,False,False,False,False,False,False,False,False,False,False,False,False,True,False,False,False,False,False,False,False,False,False,False,False,False,False,True
215,18,6,4,1,10370,5,98933,-0.267784,-0.3333253,2.211469,213.8914,262.4073,True,False,False,False,False,False,False,False,False,False,False,False,False,False,False,True,False,False,False,False,False,False,False,False,False,False,False,True
215,18,6,4,1,10370,5,98933,-0.1919709,-0.6463731,2.288364,227.4962,311.1433,True,False,True,False,False,False,False,False,False,False,False,False,False,False,False,False,False,False,False,False,False,False,False,False,False,False,False,True
215,18,6,4,1,10370,5,98933,-0.1663588,-0.7021978,2.224549,230.8372,323.4653,True,False,False,False,False,False,True,False,False,False,False,False,False,False,False,False,False,False,False,False,False,False,False,False,False,False,False,True
215,18,6,4,1,10370,5,98933,-0.4064235,0.5853542,2.027652,184.4204,100.3492,True,False,False,False,False,False,False,False,False,False,False,False,False,False,False,False,False,False,False,False,False,True,False,False,False,False,False,True
215,18,6,4,1,10370,5,98933,-0.392329,1.048796,1.697335,174.1463,-18.38181,True,False,False,False,False,False,False,False,False,True,False,False,False,False,False,False,False,False,False,False,False,False,False,False,False,False,True,False
215,18,6,4,1,10370,5,98933,-0.4015284,1.037964,1.668221,170.7465,-19.73358,True,False,False,False,False,False,False,False,False,False,False,False,False,False,False,False,False,False,False,False,False,False,True,False,False,False,True,False
215,18,6,4,1,10370,5,98933,-0.3167462,0.9673204,1.724889,191.0,1.000015,True,False,False,False,False,False,False,False,False,False,True,False,False,False,False,False,False,False,False,False,False,False,False,False,False,False,False,True
215,18,6,4,1,10370,5,98933,-0.3224459,0.9740355,1.7705,191.5013,4.750488,True,False,False,False,False,False,False,False,False,False,False,False,False,False,False,False,False,False,False,False,False,False,False,True,False,False,False,True
215,18,6,4,1,10371,5,98966,-0.3626628,0.107145,2.10723,195.1449,188.256,True,False,False,False,False,False,False,False,False,False,False,False,False,False,False,False,False,False,False,True,False,False,False,False,False,False,False,True
215,18,6,4,1,10371,5,98966,-0.3891131,0.3834456,2.065861,189.0161,138.5435,True,False,False,False,False,False,False,False,False,False,False,False,False,False,False,False,False,False,False,False,True,False,False,False,False,False,False,True
215,18,6,4,1,10371,5,98966,-0.4119057,0.6501044,2.012188,182.8154,87.59921,True,False,False,False,False,False,False,False,False,False,False,False,False,False,False,False,True,False,False,False,False,False,False,False,False,False,False,True
215,18,6,4,1,10371,5,98966,-0.413699,0.7750604,2.016609,182.6439,64.95329,True,False,False,False,False,False,False,False,False,False,False,True,False,False,False,False,False,False,False,False,False,False,False,False,False,False,True,False
215,18,6,4,1,10371,5,98966,-0.5287965,0.579135,1.975383,159.5349,98.6359,True,False,False,False,False,False,False,False,False,False,False,False,False,False,False,False,False,True,False,False,False,False,False,False,False,False,False,True
215,18,6,4,1,10371,5,98966,-0.5116562,0.8053556,1.791728,153.1866,41.28571,True,False,False,True,False,False,False,False,False,False,False,False,False,False,False,False,False,False,False,False,False,False,False,False,False,False,False,True
215,18,6,4,1,10371,5,98966,-0.4228109,0.979816,1.712186,168.0174,-2.587265,True,False,False,False,False,False,False,False,False,False,False,False,False,False,False,False,False,False,False,False,False,False,False,False,True,False,False,True
215,18,6,4,1,10371,5,98966,-0.3947059,1.053555,1.70784,174.1472,-18.03864,True,False,False,False,False,False,False,True,False,False,False,False,False,False,False,False,False,False,False,False,False,False,False,False,False,False,True,False
215,18,6,4,1,10371,5,98966,-0.277237,0.6214356,2.019324,207.7527,93.33955,True,False,False,False,False,False,False,False,False,False,False,False,False,False,False,False,False,False,True,False,False,False,False,False,False,False,False,True
215,18,6,4,1,10371,5,98966,-0.2316611,0.8079298,1.843032,212.0075,45.02139,True,False,False,False,True,False,False,False,False,False,False,False,False,False,False,False,False,False,False,False,False,False,False,False,False,False,False,True
215,18,6,4,1,10371,5,98966,-0.3055698,0.9740996,1.735425,193.7653,0.7862396,True,False,False,False,False,False,False,False,False,False,False,False,False,False,False,False,False,False,False,False,False,False,False,False,False,True,False,True
215,18,6,4,1,10371,5,98966,-0.3128835,0.9762565,1.75536,192.9481,2.609772,True,False,False,False,False,False,False,False,True,False,False,False,False,False,False,False,False,False,False,False,False,False,False,False,False,False,False,True
215,18,6,4,1,10371,5,98966,-0.4410419,0.1023057,2.050703,179.2604,188.5891,True,False,False,False,False,False,False,False,False,False,False,False,True,False,False,False,False,False,False,False,False,False,False,False,False,False,False,True
215,18,6,4,1,10371,5,98966,-0.4714837,-0.3098836,2.177049,178.6272,259.4127,True,False,False,False,False,False,False,False,False,False,False,False,False,False,True,False,False,False,False,False,False,False,False,False,False,False,False,True
215,18,6,4,1,10371,5,98966,-0.4695683,-0.6549606,2.250804,181.3911,314.4241,True,True,False,False,False,False,False,False,False,False,False,False,False,False,False,False,False,False,False,False,False,False,False,False,False,False,False,True
215,18,6,4,1,10371,5,98966,-0.4905432,-0.7277098,2.175334,175.1205,330.5578,True,False,False,False,False,True,False,False,False,False,False,False,False,False,False,False,False,False,False,False,False,False,False,False,False,False,False,True
215,18,6,4,1,10371,5,98966,-0.27231,0.1086245,2.095337,210.6873,187.9074,True,False,False,False,False,False,False,False,False,False,False,False,False,True,False,False,False,False,False,False,False,False,False,False,False,False,False,True
215,18,6,4,1,10371,5,98966,-0.2674897,-0.3328904,2.211184,213.9349,262.3418,True,False,False,False,False,False,False,False,False,False,False,False,False,False,False,True,False,False,False,False,False,False,False,False,False,False,False,True
215,18,6,4,1,10371,5,98966,-0.1916658,-0.6459007,2.288349,227.5454,311.0673,True,False,True,False,False,False,False,False,False,False,False,False,False,False,False,False,False,False,False,False,False,False,False,False,False,False,False,True
215,18,6,4,1,10371,5,98966,-0.1665255,-0.7015421,2.223814,230.8004,323.3946,True,False,False,False,False,False,True,False,False,False,False,False,False,False,False,False,False,False,False,False,False,False,False,False,False,False,False,True
215,18,6,4,1,10371,5,98966,-0.4066015,0.5852451,2.02756,184.3846,100.3642,True,False,False,False,False,False,False,False,False,False,False,False,False,False,False,False,False,False,False,False,False,True,False,False,False,False,False,True
215,18,6,4,1,10371,5,98966,-0.3929594,1.050364,1.70023,174.1533,-18.33791,True,False,False,False,False,False,False,False,False,True,False,False,False,False,False,False,False,False,False,False,False,False,False,False,False,False,True,False
215,18,6,4,1,10371,5,98966,-0.4020402,1.039539,1.672279,170.8407,-19.54518,True,False,False,False,False,False,False,False,False,False,False,False,False,False,False,False,False,False,False,False,False,False,True,False,False,False,True,False
215,18,6,4,1,10371,5,98966,-0.3371529,0.9999855,1.782881,189.0,1.000015,True,False,False,False,False,False,False,False,False,False,True,False,False,False,False,False,False,False,False,False,False,False,False,False,False,False,False,True
215,18,6,4,1,10371,5,98966,-0.3258423,0.9806038,1.7755,190.999,3.997253,True,False,False,False,False,False,False,False,False,False,False,False,False,False,False,False,False,False,False,False,False,False,False,True,False,False,False,True
215,18,6,4,1,10372,5,99000,-0.3620994,0.107846,2.10742,195.2492,188.1355,True,False,False,False,False,False,False,False,False,False,False,False,False,False,False,False,False,False,False,True,False,False,False,False,False,False,False,True
215,18,6,4,1,10372,5,99000,-0.3890921,0.3836342,2.06583,189.0188,138.5087,True,False,False,False,False,False,False,False,False,False,False,False,False,False,False,False,False,False,False,False,True,False,False,False,False,False,False,True
215,18,6,4,1,10372,5,99000,-0.4122356,0.6501136,2.012117,182.752,87.59321,True,False,False,False,False,False,False,False,False,False,False,False,False,False,False,False,True,False,False,False,False,False,False,False,False,False,False,True
215,18,6,4,1,10372,5,99000,-0.4140362,0.7750701,2.016537,182.5794,64.94658,True,False,False,False,False,False,False,False,False,False,False,True,False,False,False,False,False,False,False,False,False,False,False,False,False,False,True,False
215,18,6,4,1,10372,5,99000,-0.5288517,0.5797193,1.975337,159.5221,98.52391,True,False,False,False,False,False,False,False,False,False,False,False,False,False,False,False,False,True,False,False,False,False,False,False,False,False,False,True
215,18,6,4,1,10372,5,99000,-0.5127777,0.8056012,1.792752,153.0169,41.33104,True,False,False,True,False,False,False,False,False,False,False,False,False,False,False,False,False,False,False,False,False,False,False,False,False,False,False,True
215,18,6,4,1,10372,5,99000,-0.4234439,0.9805226,1.715028,168.0275,-2.401535,True,False,False,False,False,False,False,False,False,False,False,False,False,False,False,False,False,False,False,False,False,False,False,False,True,False,False,True
215,18,6,4,1,10372,5,99000,-0.396278,1.054703,1.713855,174.0944,-17.53078,True,False,False,False,False,False,False,True,False,False,False,False,False,False,False,False,False,False,False,False,False,False,False,False,False,False,True,False
215,18,6,4,1,10372,5,99000,-0.2771768,0.621821,2.019481,207.7676,93.27765,True,False,False,False,False,False,False,False,False,False,False,False,False,False,False,False,False,False,True,False,False,False,False,False,False,False,False,True
215,18,6,4,1,10372,5,99000,-0.2318994,0.8098674,1.842856,211.9559,44.6199,True,False,False,False,True,False,False,False,False,False,False,False,False,False,False,False,False,False,False,False,False,False,False,False,False,False,False,True
215,18,6,4,1,10372,5,99000,-0.3069921,0.9761311,1.736368,193.5049,0.4852448,True,False,False,False,False,False,False,False,False,False,False,False,False,False,False,False,False,False,False,False,False,False,False,False,False,True,False,True
215,18,6,4,1,10372,5,99000,-0.3144535,0.9775708,1.757581,192.7039,2.597,True,False,False,False,False,False,False,False,True,False,False,False,False,False,False,False,False,False,False,False,False,False,False,False,False,False,False,True
215,18,6,4,1,10372,5,99000,-0.4404583,0.1028862,2.050905,179.3735,188.4868,True,False,False,False,False,False,False,False,False,False,False,False,True,False,False,False,False,False,False,False,False,False,False,False,False,False,False,True
215,18,6,4,1,10372,5,99000,-0.4712494,-0.310034,2.176994,178.6649,259.4394,True,False,False,False,False,False,False,False,False,False,False,False,False,False,True,False,False,False,False,False,False,False,False,False,False,False,False,True
215,18,6,4,1,10372,5,99000,-0.4695286,-0.6548759,2.250886,181.4005,314.4062,True,True,False,False,False,False,False,False,False,False,False,False,False,False,False,False,False,False,False,False,False,False,False,False,False,False,False,True
215,18,6,4,1,10372,5,99000,-0.4905234,-0.7277387,2.17528,175.1218,330.5658,True,False,False,False,False,True,False,False,False,False,False,False,False,False,False,False,False,False,False,False,False,False,False,False,False,False,False,True
215,18,6,4,1,10372,5,99000,-0.271832,0.1094039,2.095542,210.7759,187.7726,True,False,False,False,False,False,False,False,False,False,False,False,False,True,False,False,False,False,False,False,False,False,False,False,False,False,False,True
215,18,6,4,1,10372,5,99000,-0.2670565,-0.3323087,2.210894,214.0015,262.2519,True,False,False,False,False,False,False,False,False,False,False,False,False,False,False,True,False,False,False,False,False,False,False,False,False,False,False,True
215,18,6,4,1,10372,5,99000,-0.1914917,-0.6457334,2.289549,227.5898,310.9852,True,False,True,False,False,False,False,False,False,False,False,False,False,False,False,False,False,False,False,False,False,False,False,False,False,False,False,True
215,18,6,4,1,10372,5,99000,-0.1667034,-0.7009653,2.223956,230.7728,323.2909,True,False,False,False,False,False,True,False,False,False,False,False,False,False,False,False,False,False,False,False,False,False,False,False,False,False,False,True
215,18,6,4,1,10372,5,99000,-0.4067955,0.5852801,2.02751,184.3474,100.355,True,False,False,False,False,False,False,False,False,False,False,False,False,False,False,False,False,False,False,False,False,True,False,False,False,False,False,True
215,18,6,4,1,10372,5,99000,-0.3936174,1.051669,1.703859,174.1862,-18.1528,True,False,False,False,False,False,False,False,False,True,False,False,False,False,False,False,False,False,False,False,False,False,False,False,False,False,True,False
215,18,6,4,1,10372,5,99000,-0.4036076,1.040708,1.678283,170.7981,-19.02908,True,False,False,False,False,False,False,False,False,False,False,False,False,False,False,False,False,False,False,False,False,False,True,False,False,False,True,False
215,18,6,4,1,10372,5,99000,-0.3174807,0.9695637,1.728889,191.0,1.000015,True,False,False,False,False,False,False,False,False,False,True,False,False,False,False,False,False,False,False,False,False,False,False,False,False,False,False,True
215,18,6,4,1,10372,5,99000,-0.3227841,0.9735284,1.768914,191.3726,4.679138,True,False,False,False,False,False,False,False,False,False,False,False,False,False,False,False,False,False,False,False,False,False,False,True,False,False,False,True
215,18,6,4,1,10373,5,99032,-0.3619007,0.1081033,2.107616,195.2899,188.0923,True,False,False,False,False,False,False,False,False,False,False,False,False,False,False,False,False,False,False,True,False,False,False,False,False,False,False,True
215,18,6,4,1,10373,5,99032,-0.389085,0.3836736,2.065863,189.0211,138.5028,True,False,False,False,False,False,False,False,False,False,False,False,False,False,False,False,False,False,False,False,True,False,False,False,False,False,False,True
215,18,6,4,1,10373,5,99032,-0.4124039,0.6500066,2.012193,182.724,87.61739,True,False,False,False,False,False,False,False,False,False,False,False,False,False,False,False,True,False,False,False,False,False,False,False,False,False,False,True
215,18,6,4,1,10373,5,99032,-0.4142085,0.7749602,2.016614,182.5507,64.97212,True,False,False,False,False,False,False,False,False,False,False,True,False,False,False,False,False,False,False,False,False,False,False,False,False,False,True,False
215,18,6,4,1,10373,5,99032,-0.5290737,0.5800679,1.97539,159.4831,98.46149,True,False,False,False,False,False,False,False,False,False,False,False,False,False,False,False,False,True,False,False,False,False,False,False,False,False,False,True
215,18,6,4,1,10373,5,99032,-0.5132203,0.8055722,1.793143,152.9489,41.37312,True,False,False,True,False,False,False,False,False,False,False,False,False,False,False,False,False,False,False,False,False,False,False,False,False,False,False,True
215,18,6,4,1,10373,5,99032,-0.4236327,0.980419,1.715542,168.0125,-2.32077,True,False,False,False,False,False,False,False,False,False,False,False,False,False,False,False,False,False,False,False,False,False,False,False,True,False,False,True
215,18,6,4,1,10373,5,99032,-0.4371975,0.9740777,1.733018,166.0,1.000015,True,False,False,False,False,False,False,True,False,False,False,False,False,False,False,False,False,False,False,False,False,False,False,False,False,False,False,True
215,18,6,4,1,10373,5,99032,-0.2772312,0.6219877,2.020009,207.7709,93.2769,True,False,False,False,False,False,False,False,False,False,False,False,False,False,False,False,False,False,True,False,False,False,False,False,False,False,False,True
215,18,6,4,1,10373,5,99032,-0.2309776,0.8061978,1.846428,212.2285,45.66199,True,False,False,False,True,False,False,False,False,False,False,False,False,False,False,False,False,False,False,False,False,False,False,False,False,False,False,True
215,18,6,4,1,10373,5,99032,-0.3049984,0.9721951,1.738574,193.9922,1.526932,True,False,False,False,False,False,False,False,False,False,False,False,False,False,False,False,False,False,False,False,False,False,False,False,False,True,False,True
215,18,6,4,1,10373,5,99032,-0.3102767,0.973561,1.753478,193.4178,2.935532,True,False,False,False,False,False,False,False,True,False,False,False,False,False,False,False,False,False,False,False,False,False,False,False,False,False,False,True
215,18,6,4,1,10373,5,99032,-0.4402117,0.1031279,2.051119,179.4262,188.4454,True,False,False,False,False,False,False,False,False,False,False,False,True,False,False,False,False,False,False,False,False,False,False,False,False,False,False,True
215,18,6,4,1,10373,5,99032,-0.4711657,-0.3104286,2.177108,178.6832,259.5035,True,False,False,False,False,False,False,False,False,False,False,False,False,False,True,False,False,False,False,False,False,False,False,False,False,False,False,True
215,18,6,4,1,10373,5,99032,-0.4696106,-0.654979,2.250973,181.39,314.419,True,True,False,False,False,False,False,False,False,False,False,False,False,False,False,False,False,False,False,False,False,False,False,False,False,False,False,True
215,18,6,4,1,10373,5,99032,-0.4903542,-0.7277263,2.17519,175.1471,330.5688,True,False,False,False,False,True,False,False,False,False,False,False,False,False,False,False,False,False,False,False,False,False,False,False,False,False,False,True
215,18,6,4,1,10373,5,99032,-0.271702,0.1096622,2.095739,210.8032,187.7292,True,False,False,False,False,False,False,False,False,False,False,False,False,True,False,False,False,False,False,False,False,False,False,False,False,False,False,True
215,18,6,4,1,10373,5,99032,-0.2683934,-0.3321335,2.210859,213.778,262.224,True,False,False,False,False,False,False,False,False,False,False,False,False,False,False,True,False,False,False,False,False,False,False,False,False,False,False,True
215,18,6,4,1,10373,5,99032,-0.1916409,-0.6458508,2.28786,227.5428,311.0816,True,False,True,False,False,False,False,False,False,False,False,False,False,False,False,False,False,False,False,False,False,False,False,False,False,False,False,True
215,18,6,4,1,10373,5,99032,-0.1667469,-0.7015991,2.223375,230.7582,323.4274,True,False,False,False,False,False,True,False,False,False,False,False,False,False,False,False,False,False,False,False,False,False,False,False,False,False,False,True
215,18,6,4,1,10373,5,99032,-0.4069023,0.5852166,2.027568,184.33,100.3696,True,False,False,False,False,False,False,False,False,False,False,False,False,False,False,False,False,False,False,False,False,True,False,False,False,False,False,True
215,18,6,4,1,10373,5,99032,-0.4337888,0.9703822,1.724764,166.2834,0.8031464,True,False,False,False,False,False,False,False,False,True,False,False,False,False,False,False,False,False,False,False,False,False,False,False,False,False,True,False
215,18,6,4,1,10373,5,99032,-0.4323998,0.9633884,1.714,166.0,1.000015,True,False,False,False,False,False,False,False,False,False,False,False,False,False,False,False,False,False,False,False,False,False,True,False,False,False,True,False
215,18,6,4,1,10373,5,99032,-0.3224271,0.9796692,1.755902,190.9886,2.011124,True,False,False,False,False,False,False,False,False,False,True,False,False,False,False,False,False,False,False,False,False,False,False,False,False,False,False,True
215,18,6,4,1,10373,5,99032,-0.3284836,0.9836935,1.7765,190.4997,3.499573,True,False,False,False,False,False,False,False,False,False,False,False,False,False,False,False,False,False,False,False,False,False,False,True,False,False,False,True
215,18,6,4,1,10374,5,99067,-0.3626792,0.1084385,2.107298,195.1438,188.0308,True,False,False,False,False,False,False,False,False,False,False,False,False,False,False,False,False,False,False,True,False,False,False,False,False,False,False,True
215,18,6,4,1,10374,5,99067,-0.3895933,0.3838883,2.065623,188.9219,138.456,True,False,False,False,False,False,False,False,False,False,False,False,False,False,False,False,False,False,False,False,True,False,False,False,False,False,False,True
215,18,6,4,1,10374,5,99067,-0.4127756,0.6500248,2.012118,182.6528,87.60941,True,False,False,False,False,False,False,False,False,False,False,False,False,False,False,False,True,False,False,False,False,False,False,False,False,False,False,True
215,18,6,4,1,10374,5,99067,-0.4131517,0.7720405,2.009983,182.4946,65.04033,True,False,False,False,False,False,False,False,False,False,False,True,False,False,False,False,False,False,False,False,False,False,False,False,False,False,False,True
215,18,6,4,1,10374,5,99067,-0.5292231,0.5804135,1.975435,159.4574,98.39928,True,False,False,False,False,False,False,False,False,False,False,False,False,False,False,False,False,True,False,False,False,False,False,False,False,False,False,True
215,18,6,4,1,10374,5,99067,-0.5138613,0.8048607,1.79305,152.8111,41.50986,True,False,False,True,False,False,False,False,False,False,False,False,False,False,False,False,False,False,False,False,False,False,False,False,False,False,False,True
215,18,6,4,1,10374,5,99067,-0.4238234,0.9795882,1.715696,167.9758,-2.134186,True,False,False,False,False,False,False,False,False,False,False,False,False,False,False,False,False,False,False,False,False,False,False,False,True,False,False,True
215,18,6,4,1,10374,5,99067,-0.3980518,1.054182,1.711665,173.6181,-17.68159,True,False,False,False,False,False,False,True,False,False,False,False,False,False,False,False,False,False,False,False,False,False,False,False,False,False,True,False
215,18,6,4,1,10374,5,99067,-0.2772723,0.6220552,2.020154,207.767,93.27268,True,False,False,False,False,False,False,False,False,False,False,False,False,False,False,False,False,False,True,False,False,False,False,False,False,False,False,True
215,18,6,4,1,10374,5,99067,-0.2309435,0.8049433,1.846862,212.2458,45.94928,True,False,False,False,True,False,False,False,False,False,False,False,False,False,False,False,False,False,False,False,False,False,False,False,False,False,False,True
215,18,6,4,1,10374,5,99067,-0.3042826,0.9711433,1.738823,194.1488,1.766312,True,False,False,False,False,False,False,False,False,False,False,False,False,False,False,False,False,False,False,False,False,False,False,False,False,True,False,True
215,18,6,4,1,10374,5,99067,-0.3091191,0.9689506,1.748099,193.4566,3.262955,True,False,False,False,False,False,False,False,True,False,False,False,False,False,False,False,False,False,False,False,False,False,False,False,False,False,False,True
215,18,6,4,1,10374,5,99067,-0.4410704,0.1036426,2.050696,179.2547,188.3489,True,False,False,False,False,False,False,False,False,False,False,False,True,False,False,False,False,False,False,False,False,False,False,False,False,False,False,True
215,18,6,4,1,10374,5,99067,-0.4711643,-0.3104239,2.177094,178.6829,259.5031,True,False,False,False,False,False,False,False,False,False,False,False,False,False,True,False,False,False,False,False,False,False,False,False,False,False,False,True
215,18,6,4,1,10374,5,99067,-0.4695739,-0.6549376,2.250957,181.3955,314.413,True,True,False,False,False,False,False,False,False,False,False,False,False,False,False,False,False,False,False,False,False,False,False,False,False,False,False,True
215,18,6,4,1,10374,5,99067,-0.4900458,-0.7276713,2.17508,175.1953,330.5657,True,False,False,False,False,True,False,False,False,False,False,False,False,False,False,False,False,False,False,False,False,False,False,False,False,False,False,True
215,18,6,4,1,10374,5,99067,-0.2724309,0.1098327,2.095532,210.6703,187.6972,True,False,False,False,False,False,False,False,False,False,False,False,False,True,False,False,False,False,False,False,False,False,False,False,False,False,False,True
215,18,6,4,1,10374,5,99067,-0.2686816,-0.3319075,2.210825,213.7293,262.1873,True,False,False,False,False,False,False,False,False,False,False,False,False,False,False,True,False,False,False,False,False,False,False,False,False,False,False,True
215,18,6,4,1,10374,5,99067,-0.1916203,-0.6457301,2.288,227.548,311.0556,True,False,True,False,False,False,False,False,False,False,False,False,False,False,False,False,False,False,False,False,False,False,False,False,False,False,False,True
215,18,6,4,1,10374,5,99067,-0.1666909,-0.7013972,2.223373,230.7675,323.3937,True,False,False,False,False,False,True,False,False,False,False,False,False,False,False,False,False,False,False,False,False,False,False,False,False,False,False,True
215,18,6,4,1,10374,5,99067,-0.4073287,0.5852506,2.027453,184.248,100.3572,True,False,False,False,False,False,False,False,False,False,False,False,False,False,False,False,False,False,False,False,False,True,False,False,False,False,False,True
215,18,6,4,1,10374,5,99067,-0.3948422,1.050138,1.703568,173.9046,-17.87689,True,False,False,False,False,False,False,False,False,True,False,False,False,False,False,False,False,False,False,False,False,False,False,False,False,False,True,False
215,18,6,4,1,10374,5,99067,-0.393713,1.042691,1.693008,173.6181,-17.68158,True,False,False,False,False,False,False,False,False,False,False,False,False,False,False,False,False,False,False,False,False,False,True,False,False,False,True,False
215,18,6,4,1,10374,5,99067,-0.3176907,0.9653978,1.730402,190.9998,2.020004,True,False,False,False,False,False,False,False,False,False,True,False,False,False,False,False,False,False,False,False,False,False,False,False,False,False,False,True
215,18,6,4,1,10374,5,99067,-0.3154795,0.9719071,1.763,192.6693,4.335327,True,False,False,False,False,False,False,False,False,False,False,False,False,False,False,False,False,False,False,False,False,False,False,True,False,False,False,True
215,18,6,4,1,10375,5,99100,-0.3625752,0.1086531,2.107456,195.1668,187.9948,True,False,False,False,False,False,False,False,False,False,False,False,False,False,False,False,False,False,False,True,False,False,False,False,False,False,False,True
215,18,6,4,1,10375,5,99100,-0.3895866,0.3838935,2.065633,188.9234,138.4554,True,False,False,False,False,False,False,False,False,False,False,False,False,False,False,False,False,False,False,False,True,False,False,False,False,False,False,True
215,18,6,4,1,10375,5,99100,-0.4128579,0.6497971,2.012132,182.6383,87.65216,True,False,False,False,False,False,False,False,False,False,False,False,False,False,False,False,True,False,False,False,False,False,False,False,False,False,False,True
215,18,6,4,1,10375,5,99100,-0.4114347,0.7701656,2.007017,182.6982,65.17525,True,False,False,False,False,False,False,False,False,False,False,True,False,False,False,False,False,False,False,False,False,False,False,False,False,False,True,False
215,18,6,4,1,10375,5,99100,-0.5293634,0.5805284,1.975465,159.4326,98.37936,True,False,False,False,False,False,False,False,False,False,False,False,False,False,False,False,False,True,False,False,False,False,False,False,False,False,False,True
215,18,6,4,1,10375,5,99100,-0.5142706,0.804059,1.79284,152.7136,41.65379,True,False,False,True,False,False,False,False,False,False,False,False,False,False,False,False,False,False,False,False,False,False,False,False,False,False,False,True
215,18,6,4,1,10375,5,99100,-0.4237441,0.9781769,1.714489,167.9261,-1.986786,True,False,False,False,False,False,False,False,False,False,False,False,False,False,False,False,False,False,False,False,False,False,False,False,True,False,False,True
215,18,6,4,1,10375,5,99100,-0.3977436,1.052588,1.708681,173.5379,-17.72789,True,False,False,False,False,False,False,True,False,False,False,False,False,False,False,False,False,False,False,False,False,False,False,False,False,False,True,False
215,18,6,4,1,10375,5,99100,-0.2773047,0.6220321,2.020323,207.7653,93.28651,True,False,False,False,False,False,False,False,False,False,False,False,False,False,False,False,False,False,True,False,False,False,False,False,False,False,False,True
215,18,6,4,1,10375,5,99100,-0.2306242,0.8003675,1.848167,212.3408,46.97247,True,False,False,False,True,False,False,False,False,False,False,False,False,False,False,False,False,False,False,False,False,False,False,False,False,False,False,True
215,18,6,4,1,10375,5,99100,-0.3020499,0.9665557,1.738619,194.5994,2.66806,True,False,False,False,False,False,False,False,False,False,False,False,False,False,False,False,False,False,False,False,False,False,False,False,False,True,False,True
215,18,6,4,1,10375,5,99100,-0.3089361,0.9604156,1.740191,193.19,4.108994,True,False,False,False,False,False,False,False,True,False,False,False,False,False,False,False,False,False,False,False,False,False,False,False,False,False,False,True
215,18,6,4,1,10375,5,99100,-0.4409433,0.1037967,2.050878,179.2846,188.323,True,False,False,False,False,False,False,False,False,False,False,False,True,False,False,False,False,False,False,False,False,False,False,False,False,False,False,True
215,18,6,4,1,10375,5,99100,-0.4710292,-0.3101644,2.176858,178.6973,259.4647,True,False,False,False,False,False,False,False,False,False,False,False,False,False,True,False,False,False,False,False,False,False,False,False,False,False,False,True
215,18,6,4,1,10375,5,99100,-0.4694467,-0.6545291,2.25072,181.4084,314.357,True,True,False,False,False,False,False,False,False,False,False,False,False,False,False,False,False,False,False,False,False,False,False,False,False,False,False,True
215,18,6,4,1,10375,5,99100,-0.4897918,-0.72731,2.17535,175.2488,330.4889,True,False,False,False,False,True,False,False,False,False,False,False,False,False,False,False,False,False,False,False,False,False,False,False,False,False,False,True
215,18,6,4,1,10375,5,99100,-0.272364,0.1101066,2.095685,210.6856,187.6506,True,False,False,False,False,False,False,False,False,False,False,False,False,True,False,False,False,False,False,False,False,False,False,False,False,False,False,True
215,18,6,4,1,10375,5,99100,-0.2687046,-0.3317475,2.21068,213.7226,262.1642,True,False,False,False,False,False,False,False,False,False,False,False,False,False,False,True,False,False,False,False,False,False,False,False,False,False,False,True
215,18,6,4,1,10375,5,99100,-0.1908034,-0.6467559,2.289121,227.6946,311.1703,True,False,True,False,False,False,False,False,False,False,False,False,False,False,False,False,False,False,False,False,False,False,False,False,False,False,False,True
215,18,6,4,1,10375,5,99100,-0.1658559,-0.7021391,2.223972,230.9134,323.4858,True,False,False,False,False,False,True,False,False,False,False,False,False,False,False,False,False,False,False,False,False,False,False,False,False,False,False,True
215,18,6,4,1,10375,5,99100,-0.4073815,0.5851029,2.02747,184.2391,100.385,True,False,False,False,False,False,False,False,False,False,False,False,False,False,False,False,False,False,False,False,False,True,False,False,False,False,False,True
215,18,6,4,1,10375,5,99100,-0.3945323,1.048544,1.700584,173.825,-17.92355,True,False,False,False,False,False,False,False,False,True,False,False,False,False,False,False,False,False,False,False,False,False,False,False,False,False,True,False
215,18,6,4,1,10375,5,99100,-0.393607,1.042149,1.691995,173.5909,-17.69728,True,False,False,False,False,False,False,False,False,False,False,False,False,False,False,False,False,False,False,False,False,False,True,False,False,False,True,False
215,18,6,4,1,10375,5,99100,-0.3363268,0.9926919,1.778893,189.0,2.0,True,False,False,False,False,False,False,False,False,False,True,False,False,False,False,False,False,False,False,False,False,False,False,False,False,False,False,True
215,18,6,4,1,10375,5,99100,-0.3280331,0.9729769,1.769415,190.3036,4.858017,True,False,False,False,False,False,False,False,False,False,False,False,False,False,False,False,False,False,False,False,False,False,False,True,False,False,False,True
215,18,6,4,1,10376,5,99134,-0.3627485,0.1086476,2.107553,195.1394,187.9966,True,False,False,False,False,False,False,False,False,False,False,False,False,False,False,False,False,False,False,True,False,False,False,False,False,False,False,True
215,18,6,4,1,10376,5,99134,-0.3897133,0.3838857,2.065641,188.901,138.457,True,False,False,False,False,False,False,False,False,False,False,False,False,False,False,False,False,False,False,False,True,False,False,False,False,False,False,True
215,18,6,4,1,10376,5,99134,-0.4130496,0.6497117,2.012112,182.6024,87.66663,True,False,False,False,False,False,False,False,False,False,False,False,False,False,False,False,True,False,False,False,False,False,False,False,False,False,False,True
215,18,6,4,1,10376,5,99134,-0.4111693,0.7694377,2.005861,182.7034,65.22752,True,False,False,False,False,False,False,False,False,False,False,True,False,False,False,False,False,False,False,False,False,False,False,False,False,False,True,False
215,18,6,4,1,10376,5,99134,-0.5297282,0.58037,1.975645,159.3734,98.41887,True,False,False,False,False,False,False,False,False,False,False,False,False,False,False,False,False,True,False,False,False,False,False,False,False,False,False,True
215,18,6,4,1,10376,5,99134,-0.5143709,0.8031984,1.792033,152.6447,41.75533,True,False,False,True,False,False,False,False,False,False,False,False,False,False,False,False,False,False,False,False,False,False,False,False,False,False,False,True
215,18,6,4,1,10376,5,99134,-0.4232476,0.9752653,1.709245,167.7569,-1.999268,True,False,False,False,False,False,False,False,False,False,False,False,False,False,False,False,False,False,False,False,False,False,False,False,True,False,False,True
215,18,6,4,1,10376,5,99134,-0.4207382,0.9693291,1.731066,169.3328,1.664688,True,False,False,False,False,False,False,True,False,False,False,False,False,False,False,False,False,False,False,False,False,False,False,False,False,False,False,True
215,18,6,4,1,10376,5,99134,-0.2773202,0.6219252,2.020451,207.7657,93.31335,True,False,False,False,False,False,False,False,False,False,False,False,False,False,False,False,False,False,True,False,False,False,False,False,False,False,False,True
215,18,6,4,1,10376,5,99134,-0.2308022,0.7965924,1.847909,212.2978,47.7016,True,False,False,False,True,False,False,False,False,False,False,False,False,False,False,False,False,False,False,False,False,False,False,False,False,False,False,True
215,18,6,4,1,10376,5,99134,-0.3007538,0.9618678,1.735719,194.7586,3.291763,True,False,False,False,False,False,False,False,False,False,False,False,False,False,False,False,False,False,False,False,False,False,False,False,False,True,False,True
215,18,6,4,1,10376,5,99134,-0.3110964,0.9614091,1.742514,192.8221,4.172058,True,False,False,False,False,False,False,False,True,False,False,False,False,False,False,False,False,False,False,False,False,False,False,False,False,False,False,True
215,18,6,4,1,10376,5,99134,-0.4411392,0.1038125,2.051015,179.2546,188.3213,True,False,False,False,False,False,False,False,False,False,False,False,True,False,False,False,False,False,False,False,False,False,False,False,False,False,False,True
215,18,6,4,1,10376,5,99134,-0.4710332,-0.3105753,2.176986,178.7011,259.5313,True,False,False,False,False,False,False,False,False,False,False,False,False,False,True,False,False,False,False,False,False,False,False,False,False,False,False,True
215,18,6,4,1,10376,5,99134,-0.4695213,-0.6545628,2.250803,181.399,314.3586,True,True,False,False,False,False,False,False,False,False,False,False,False,False,False,False,False,False,False,False,False,False,False,False,False,False,False,True
215,18,6,4,1,10376,5,99134,-0.4897175,-0.7272912,2.175097,175.2518,330.5,True,False,False,False,False,True,False,False,False,False,False,False,False,False,False,False,False,False,False,False,False,False,False,False,False,False,False,True
215,18,6,4,1,10376,5,99134,-0.2725342,0.1100754,2.095767,210.6575,187.6568,True,False,False,False,False,False,False,False,False,False,False,False,False,True,False,False,False,False,False,False,False,False,False,False,False,False,False,True
215,18,6,4,1,10376,5,99134,-0.2684011,-0.3317721,2.210782,213.7752,262.1656,True,False,False,False,False,False,False,False,False,False,False,False,False,False,False,True,False,False,False,False,False,False,False,False,False,False,False,True
215,18,6,4,1,10376,5,99134,-0.1922652,-0.6467898,2.285656,227.4117,311.3354,True,False,True,False,False,False,False,False,False,False,False,False,False,False,False,False,False,False,False,False,False,False,False,False,False,False,False,True
215,18,6,4,1,10376,5,99134,-0.1656245,-0.7029566,2.223391,230.9444,323.653,True,False,False,False,False,False,True,False,False,False,False,False,False,False,False,False,False,False,False,False,False,False,False,False,False,False,False,True
215,18,6,4,1,10376,5,99134,-0.4075786,0.5850177,2.027456,184.2026,100.3998,True,False,False,False,False,False,False,False,False,False,False,False,False,False,False,False,False,False,False,False,False,True,False,False,False,False,False,True
215,18,6,4,1,10376,5,99134,-0.4225678,0.9730621,1.731782,169.0,1.000015,True,False,False,False,False,False,False,False,False,True,False,False,False,False,False,False,False,False,False,False,False,False,False,False,False,False,False,True
215,18,6,4,1,10376,5,99134,-0.4161042,0.9586531,1.712,169.3328,1.664673,True,False,False,False,False,False,False,False,False,False,False,False,False,False,False,False,False,False,False,False,False,False,True,False,False,False,True,False
215,18,6,4,1,10376,5,99134,-0.319196,0.967634,1.725387,190.5004,0.999939,True,False,False,False,False,False,False,False,False,False,True,False,False,False,False,False,False,False,False,False,False,False,False,False,False,False,False,True
215,18,6,4,1,10376,5,99134,-0.3246221,0.9637313,1.763,190.7498,5.99968,True,False,False,False,False,False,False,False,False,False,False,False,False,False,False,False,False,False,False,False,False,False,False,True,False,False,False,True
215,18,6,4,1,10377,5,99166,-0.3628446,0.1085471,2.107621,195.1246,188.0147,True,False,False,False,False,False,False,False,False,False,False,False,False,False,False,False,False,False,False,True,False,False,False,False,False,False,False,True
215,18,6,4,1,10377,5,99166,-0.3897514,0.3838489,2.065651,188.8945,138.4639,True,False,False,False,False,False,False,False,False,False,False,False,False,False,False,False,False,False,False,False,True,False,False,False,False,False,False,True
215,18,6,4,1,10377,5,99166,-0.4130932,0.6496559,2.01212,182.5947,87.67734,True,False,False,False,False,False,False,False,False,False,False,False,False,False,False,False,True,False,False,False,False,False,False,False,False,False,False,True
215,18,6,4,1,10377,5,99166,-0.4106545,0.7689068,2.005101,182.7695,65.27148,True,False,False,False,False,False,False,False,False,False,False,True,False,False,False,False,False,False,False,False,False,False,False,False,False,False,True,False
215,18,6,4,1,10377,5,99166,-0.5366012,0.5724754,1.977581,158.1868,100.0006,True,False,False,False,False,False,False,False,False,False,False,False,False,False,False,False,False,True,False,False,False,False,False,False,False,False,False,True
215,18,6,4,1,10377,5,99166,-0.5144112,0.7964,1.791272,152.5771,43.06175,True,False,False,True,False,False,False,False,False,False,False,False,False,False,False,False,False,False,False,False,False,False,False,False,False,False,False,True
215,18,6,4,1,10377,5,99166,-0.425376,0.9671074,1.702816,166.9429,-1.065277,True,False,False,False,False,False,False,False,False,False,False,False,False,False,False,False,False,False,False,False,False,False,False,False,True,False,False,True
215,18,6,4,1,10377,5,99166,-0.4253145,0.970365,1.73923,168.7761,2.386398,True,False,False,False,False,False,False,True,False,False,False,False,False,False,False,False,False,False,False,False,False,False,False,False,False,False,False,True
215,18,6,4,1,10377,5,99166,-0.2773535,0.6219004,2.020488,207.7606,93.31999,True,False,False,False,False,False,False,False,False,False,False,False,False,False,False,False,False,False,True,False,False,False,False,False,False,False,False,True
215,18,6,4,1,10377,5,99166,-0.231338,0.7916069,1.845403,212.127,48.48032,True,False,False,False,True,False,False,False,False,False,False,False,False,False,False,False,False,False,False,False,False,False,False,False,False,False,False,True
215,18,6,4,1,10377,5,99166,-0.2992087,0.9557911,1.729974,194.8675,3.881317,True,False,False,False,False,False,False,False,False,False,False,False,False,False,False,False,False,False,False,False,False,False,False,False,False,True,False,True
215,18,6,4,1,10377,5,99166,-0.3123757,0.9522791,1.728874,192.0314,4.509933,True,False,False,False,False,False,False,False,True,False,False,False,False,False,False,False,False,False,False,False,False,False,False,False,False,False,False,True
215,18,6,4,1,10377,5,99166,-0.4412455,0.1036396,2.05106,179.2372,188.3528,True,False,False,False,False,False,False,False,False,False,False,False,True,False,False,False,False,False,False,False,False,False,False,False,False,False,False,True
215,18,6,4,1,10377,5,99166,-0.4711541,-0.3102368,2.176742,178.6717,259.4799,True,False,False,False,False,False,False,False,False,False,False,False,False,False,True,False,False,False,False,False,False,False,False,False,False,False,False,True
215,18,6,4,1,10377,5,99166,-0.4690879,-0.6534107,2.250448,181.4585,314.1858,True,True,False,False,False,False,False,False,False,False,False,False,False,False,False,False,False,False,False,False,False,False,False,False,False,False,False,True
215,18,6,4,1,10377,5,99166,-0.4897613,-0.72694,2.175155,175.2466,330.437,True,False,False,False,False,True,False,False,False,False,False,False,False,False,False,False,False,False,False,False,False,False,False,False,False,False,False,True
215,18,6,4,1,10377,5,99166,-0.2726433,0.1100181,2.095876,210.6408,187.6678,True,False,False,False,False,False,False,False,False,False,False,False,False,True,False,False,False,False,False,False,False,False,False,False,False,False,False,True
215,18,6,4,1,10377,5,99166,-0.2681955,-0.3318737,2.210768,213.8092,262.1829,True,False,False,False,False,False,False,False,False,False,False,False,False,False,False,True,False,False,False,False,False,False,False,False,False,False,False,True
215,18,6,4,1,10377,5,99166,-0.1930361,-0.6633647,2.295665,227.4189,313.5578,True,False,True,False,False,False,False,False,False,False,False,False,False,False,False,False,False,False,False,False,False,False,False,False,False,False,False,True
215,18,6,4,1,10377,5,99166,-0.1630923,-0.7078687,2.21761,231.2927,324.7813,True,False,False,False,False,False,True,False,False,False,False,False,False,False,False,False,False,False,False,False,False,False,False,False,False,False,False,True
215,18,6,4,1,10377,5,99166,-0.4076332,0.5849485,2.027465,184.193,100.4129,True,False,False,False,False,False,False,False,False,False,False,False,False,False,False,False,False,False,False,False,False,True,False,False,False,False,False,True
215,18,6,4,1,10377,5,99166,-0.4230937,0.979393,1.743135,169.4675,0.9999695,True,False,False,False,False,False,False,False,False,True,False,False,False,False,False,False,False,False,False,False,False,False,False,False,False,False,False,True
215,18,6,4,1,10377,5,99166,-0.4215708,0.954014,1.706248,167.8649,1.985382,True,False,False,False,False,False,False,False,False,False,False,False,False,False,False,False,False,False,False,False,False,False,True,False,False,False,False,True
215,18,6,4,1,10377,5,99166,-0.3313272,0.9756222,1.739378,188.4958,0.9999847,True,False,False,False,False,False,False,False,False,False,True,False,False,False,False,False,False,False,False,False,False,False,False,False,False,False,False,True
215,18,6,4,1,10377,5,99166,-0.3299113,0.9640883,1.757,189.4275,5.28421,True,False,False,False,False,False,False,False,False,False,False,False,False,False,False,False,False,False,False,False,False,False,False,True,False,False,False,True
215,18,6,4,1,10378,5,99199,-0.3641456,0.1082134,2.10777,194.9012,188.0741,True,False,False,False,False,False,False,False,False,False,False,False,False,False,False,False,False,False,False,True,False,False,False,False,False,False,False,True
215,18,6,4,1,10378,5,99199,-0.3903741,0.3836299,2.065781,188.7876,138.5071,True,False,False,False,False,False,False,False,False,False,False,False,False,False,False,False,False,False,False,False,True,False,False,False,False,False,False,True
215,18,6,4,1,10378,5,99199,-0.4134122,0.6493996,2.012324,182.5438,87.73659,True,False,False,False,False,False,False,False,False,False,False,False,False,False,False,False,True,False,False,False,False,False,False,False,False,False,False,True
215,18,6,4,1,10378,5,99199,-0.4105832,0.7683048,2.004773,182.7701,65.35907,True,False,False,False,False,False,False,False,False,False,False,True,False,False,False,False,False,False,False,False,False,False,False,False,False,False,True,False
215,18,6,4,1,10378,5,99199,-0.5360001,0.5735951,1.977708,158.3055,99.79822,True,False,False,False,False,False,False,False,False,False,False,False,False,False,False,False,False,True,False,False,False,False,False,False,False,False,False,True
215,18,6,4,1,10378,5,99199,-0.5143679,0.7925094,1.784956,152.2115,43.28551,True,False,False,True,False,False,False,False,False,False,False,False,False,False,False,False,False,False,False,False,False,False,False,False,False,False,False,True
215,18,6,4,1,10378,5,99199,-0.4234431,0.9605668,1.692776,166.8156,-0.8903198,True,False,False,False,False,False,False,False,False,False,False,False,False,False,False,False,False,False,False,False,False,False,False,False,True,False,False,True
215,18,6,4,1,10378,5,99199,-0.4269028,0.9619481,1.718181,167.3667,1.739609,True,False,False,False,False,False,False,True,False,False,False,False,False,False,False,False,False,False,False,False,False,False,False,False,False,False,False,True
215,18,6,4,1,10378,5,99199,-0.2775125,0.6215283,2.020792,207.7394,93.40545,True,False,False,False,False,False,False,False,False,False,False,False,False,False,False,False,False,False,True,False,False,False,False,False,False,False,False,True
215,18,6,4,1,10378,5,99199,-0.2317344,0.7829083,1.84416,212.0146,50.11014,True,False,False,False,True,False,False,False,False,False,False,False,False,False,False,False,False,False,False,False,False,False,False,False,False,False,False,True
215,18,6,4,1,10378,5,99199,-0.3361948,0.9705711,1.76638,188.4945,5.029236,True,False,False,False,False,False,False,False,False,False,False,False,False,False,False,False,False,False,False,False,False,False,False,False,False,True,False,True
215,18,6,4,1,10378,5,99199,-0.346172,0.9752675,1.764044,186.3514,3.862427,True,False,False,False,False,False,False,False,True,False,False,False,False,False,False,False,False,False,False,False,False,False,False,False,False,False,False,True
215,18,6,4,1,10378,5,99199,-0.4425818,0.1035184,2.051568,179.0158,188.3788,True,False,False,False,False,False,False,False,False,False,False,False,True,False,False,False,False,False,False,False,False,False,False,False,False,False,False,True
215,18,6,4,1,10378,5,99199,-0.4711689,-0.3102944,2.176726,178.6686,259.49,True,False,False,False,False,False,False,False,False,False,False,False,False,False,True,False,False,False,False,False,False,False,False,False,False,False,False,True
215,18,6,4,1,10378,5,99199,-0.4694348,-0.6536657,2.250884,181.4164,314.207,True,True,False,False,False,False,False,False,False,False,False,False,False,False,False,False,False,False,False,False,False,False,False,False,False,False,False,True
215,18,6,4,1,10378,5,99199,-0.4897436,-0.7268811,2.174932,175.2411,330.4397,True,False,False,False,False,True,False,False,False,False,False,False,False,False,False,False,False,False,False,False,False,False,False,False,False,False,False,True
215,18,6,4,1,10378,5,99199,-0.2740162,0.1094327,2.095704,210.3957,187.7687,True,False,False,False,False,False,False,False,False,False,False,False,False,True,False,False,False,False,False,False,False,False,False,False,False,False,False,True
215,18,6,4,1,10378,5,99199,-0.2685769,-0.332361,2.21084,213.7469,262.2625,True,False,False,False,False,False,False,False,False,False,False,False,False,False,False,True,False,False,False,False,False,False,False,False,False,False,False,True
215,18,6,4,1,10378,5,99199,-0.1922565,-0.6512634,2.288644,227.4525,311.9238,True,False,True,False,False,False,False,False,False,False,False,False,False,False,False,False,False,False,False,False,False,False,False,False,False,False,False,True
215,18,6,4,1,10378,5,99199,-0.1652507,-0.7056315,2.223102,231.0023,324.1151,True,False,False,False,False,False,True,False,False,False,False,False,False,False,False,False,False,False,False,False,False,False,False,False,False,False,False,True
215,18,6,4,1,10378,5,99199,-0.4080429,0.5846676,2.027657,184.1255,100.4742,True,False,False,False,False,False,False,False,False,False,False,False,False,False,False,False,False,False,False,False,False,True,False,False,False,False,False,True
215,18,6,4,1,10378,5,99199,-0.4192477,0.976333,1.737787,170.0,1.000015,True,False,False,False,False,False,False,False,False,True,False,False,False,False,False,False,False,False,False,False,False,False,False,False,False,False,False,True
215,18,6,4,1,10378,5,99199,-0.4252381,0.9344491,1.664,164.8074,1.201538,True,False,False,False,False,False,False,False,False,False,False,False,False,False,False,False,False,False,False,False,False,False,True,False,False,False,False,True
215,18,6,4,1,10378,5,99199,-0.4140036,0.9890371,1.763804,172.3667,1.331207,True,False,False,False,False,False,False,False,False,False,True,False,False,False,False,False,False,False,False,False,False,False,False,False,False,False,False,True
215,18,6,4,1,10378,5,99199,-0.3514348,0.9808432,1.785625,186.1226,5.121445,True,False,False,False,False,False,False,False,False,False,False,False,False,False,False,False,False,False,False,False,False,False,False,True,False,False,False,True
215,18,6,4,1,10379,5,99233,-0.3659989,0.1078756,2.107948,194.582,188.1342,True,False,False,False,False,False,False,False,False,False,False,False,False,False,False,False,False,False,False,True,False,False,False,False,False,False,False,True
215,18,6,4,1,10379,5,99233,-0.3911217,0.3834508,2.065886,188.6574,138.5422,True,False,False,False,False,False,False,False,False,False,False,False,False,False,False,False,False,False,False,False,True,False,False,False,False,False,False,True
215,18,6,4,1,10379,5,99233,-0.413602,0.6492615,2.012428,182.5129,87.7681,True,False,False,False,False,False,False,False,False,False,False,False,False,False,False,False,True,False,False,False,False,False,False,False,False,False,False,True
215,18,6,4,1,10379,5,99233,-0.4104851,0.7679251,2.004511,182.7782,65.41045,True,False,False,False,False,False,False,False,False,False,False,True,False,False,False,False,False,False,False,False,False,False,False,False,False,False,True,False
215,18,6,4,1,10379,5,99233,-0.5349834,0.5751194,1.977128,158.4659,99.48172,True,False,False,False,False,False,False,False,False,False,False,False,False,False,False,False,False,True,False,False,False,False,False,False,False,False,False,True
215,18,6,4,1,10379,5,99233,-0.5125721,0.7868135,1.775882,152.0389,43.62758,True,False,False,True,False,False,False,False,False,False,False,False,False,False,False,False,False,False,False,False,False,False,False,False,False,False,False,True
215,18,6,4,1,10379,5,99233,-0.4201165,0.9550757,1.685751,167.146,-0.5874481,True,False,False,False,False,False,False,False,False,False,False,False,False,False,False,False,False,False,False,False,False,False,False,False,True,False,False,True
215,18,6,4,1,10379,5,99233,-0.3461829,0.9465072,1.718268,184.4279,4.598679,True,False,False,False,False,False,False,True,False,False,False,False,False,False,False,False,False,False,False,False,False,False,False,False,False,False,False,True
215,18,6,4,1,10379,5,99233,-0.2777003,0.6212568,2.020855,207.7067,93.45882,True,False,False,False,False,False,False,False,False,False,False,False,False,False,False,False,False,False,True,False,False,False,False,False,False,False,False,True
215,18,6,4,1,10379,5,99233,-0.232737,0.7762151,1.840418,211.718,51.13188,True,False,False,False,True,False,False,False,False,False,False,False,False,False,False,False,False,False,False,False,False,False,False,False,False,False,False,True
215,18,6,4,1,10379,5,99233,-0.3171822,0.9311266,1.722632,190.724,8.168503,True,False,False,False,False,False,False,False,False,False,False,False,False,False,False,False,False,False,False,False,False,False,False,False,False,True,False,True
215,18,6,4,1,10379,5,99233,-0.3151841,0.930582,1.715085,190.8629,7.435547,True,False,False,False,False,False,False,False,True,False,False,False,False,False,False,False,False,False,False,False,False,False,False,False,False,False,False,True
215,18,6,4,1,10379,5,99233,-0.4443707,0.1035852,2.051638,178.6958,188.3671,True,False,False,False,False,False,False,False,False,False,False,False,True,False,False,False,False,False,False,False,False,False,False,False,False,False,False,True
215,18,6,4,1,10379,5,99233,-0.4714698,-0.3103218,2.176692,178.6161,259.4957,True,False,False,False,False,False,False,False,False,False,False,False,False,False,True,False,False,False,False,False,False,False,False,False,False,False,False,True
215,18,6,4,1,10379,5,99233,-0.4694277,-0.6537517,2.250868,181.417,314.2219,True,True,False,False,False,False,False,False,False,False,False,False,False,False,False,False,False,False,False,False,False,False,False,False,False,False,False,True
215,18,6,4,1,10379,5,99233,-0.489624,-0.726893,2.174718,175.2532,330.4539,True,False,False,False,False,True,False,False,False,False,False,False,False,False,False,False,False,False,False,False,False,False,False,False,False,False,False,True
215,18,6,4,1,10379,5,99233,-0.2759461,0.1086489,2.096038,210.0643,187.9089,True,False,False,False,False,False,False,False,False,False,False,False,False,True,False,False,False,False,False,False,False,False,False,False,False,False,False,True
215,18,6,4,1,10379,5,99233,-0.2688461,-0.3331643,2.211068,213.7063,262.391,True,False,False,False,False,False,False,False,False,False,False,False,False,False,False,True,False,False,False,False,False,False,False,False,False,False,False,True
215,18,6,4,1,10379,5,99233,-0.1922058,-0.6502803,2.287975,227.4518,311.7952,True,False,True,False,False,False,False,False,False,False,False,False,False,False,False,False,False,False,False,False,False,False,False,False,False,False,False,True
215,18,6,4,1,10379,5,99233,-0.165481,-0.705002,2.222889,230.9615,324.0212,True,False,False,False,False,False,True,False,False,False,False,False,False,False,False,False,False,False,False,False,False,False,False,False,False,False,False,True
215,18,6,4,1,10379,5,99233,-0.408353,0.5844942,2.027767,184.073,100.5115,True,False,False,False,False,False,False,False,False,False,False,False,False,False,False,False,False,False,False,False,False,True,False,False,False,False,False,True
215,18,6,4,1,10379,5,99233,-0.3116568,0.9534076,1.705899,191.3338,1.66861,True,False,False,False,False,False,False,False,False,True,False,False,False,False,False,False,False,False,False,False,False,False,False,False,False,False,False,True
215,18,6,4,1,10379,5,99233,-0.3086702,0.9160733,1.653714,189.8615,3.429306,True,False,False,False,False,False,False,False,False,False,False,False,False,False,False,False,False,False,False,False,False,False,True,False,False,False,False,True
215,18,6,4,1,10379,5,99233,-0.342465,0.9591358,1.712451,185.0218,1.3358,True,False,False,False,False,False,False,False,False,False,True,False,False,False,False,False,False,False,False,False,False,False,False,False,False,False,False,True
215,18,6,4,1,10379,5,99233,-0.3467331,0.9573022,1.7672,186.3076,7.805099,True,False,False,False,False,False,False,False,False,False,False,False,False,False,False,False,False,False,False,False,False,False,False,True,False,False,False,True
215,18,6,4,1,10380,5,99266,-0.3664071,0.1078425,2.108367,194.5233,188.1437,True,False,False,False,False,False,False,False,False,False,False,False,False,False,False,False,False,False,False,True,False,False,False,False,False,False,False,True
215,18,6,4,1,10380,5,99266,-0.3909682,0.3835636,2.066216,188.696,138.5331,True,False,False,False,False,False,False,False,False,False,False,False,False,False,False,False,False,False,False,False,True,False,False,False,False,False,False,True
215,18,6,4,1,10380,5,99266,-0.4122797,0.6496438,2.013184,182.7843,87.74309,True,False,False,False,False,False,False,False,False,False,False,False,False,False,False,False,True,False,False,False,False,False,False,False,False,False,False,True
215,18,6,4,1,10380,5,99266,-0.4081087,0.7679539,2.004873,183.2296,65.43024,True,False,False,False,False,False,False,False,False,False,False,True,False,False,False,False,False,False,False,False,False,False,False,False,False,False,True,False
215,18,6,4,1,10380,5,99266,-0.5334229,0.5764874,1.97669,158.7353,99.20214,True,False,False,False,False,False,False,False,False,False,False,False,False,False,False,False,False,True,False,False,False,False,False,False,False,False,False,True
215,18,6,4,1,10380,5,99266,-0.508001,0.7762884,1.763012,152.206,44.61766,True,False,False,True,False,False,False,False,False,False,False,False,False,False,False,False,False,False,False,False,False,False,False,False,False,False,False,True
215,18,6,4,1,10380,5,99266,-0.4165586,0.9437005,1.66988,167.0481,-0.08876038,True,False,False,False,False,False,False,False,False,False,False,False,False,False,False,False,False,False,False,False,False,False,False,False,True,False,False,True
215,18,6,4,1,10380,5,99266,-0.4042173,0.9401792,1.685486,170.4908,2.393356,True,False,False,False,False,False,False,True,False,False,False,False,False,False,False,False,False,False,False,False,False,False,False,False,False,False,False,True
215,18,6,4,1,10380,5,99266,-0.2781285,0.6206116,2.021135,207.6358,93.59289,True,False,False,False,False,False,False,False,False,False,False,False,False,False,False,False,False,False,True,False,False,False,False,False,False,False,False,True
215,18,6,4,1,10380,5,99266,-0.2347227,0.7667689,1.832087,211.1043,52.32538,True,False,False,False,True,False,False,False,False,False,False,False,False,False,False,False,False,False,False,False,False,False,False,False,False,False,False,True
215,18,6,4,1,10380,5,99266,-0.3088786,0.910147,1.692387,191.3043,9.133759,True,False,False,False,False,False,False,False,False,False,False,False,False,False,False,False,False,False,False,False,False,False,False,False,False,True,False,True
215,18,6,4,1,10380,5,99266,-0.3197823,0.9201312,1.692615,188.9797,7.094193,True,False,False,False,False,False,False,False,True,False,False,False,False,False,False,False,False,False,False,False,False,False,False,False,False,False,False,True
215,18,6,4,1,10380,5,99266,-0.4449894,0.1036141,2.052356,178.6122,188.3683,True,False,False,False,False,False,False,False,False,False,False,False,True,False,False,False,False,False,False,False,False,False,False,False,False,False,False,True
215,18,6,4,1,10380,5,99266,-0.4717475,-0.3103467,2.176812,178.5733,259.4971,True,False,False,False,False,False,False,False,False,False,False,False,False,False,True,False,False,False,False,False,False,False,False,False,False,False,False,True
215,18,6,4,1,10380,5,99266,-0.469474,-0.653438,2.250839,181.4085,314.1716,True,True,False,False,False,False,False,False,False,False,False,False,False,False,False,False,False,False,False,False,False,False,False,False,False,False,False,True
215,18,6,4,1,10380,5,99266,-0.4896282,-0.7268488,2.174753,175.2538,330.4443,True,False,False,False,False,True,False,False,False,False,False,False,False,False,False,False,False,False,False,False,False,False,False,False,False,False,False,True
215,18,6,4,1,10380,5,99266,-0.2761702,0.1085878,2.096246,210.0298,187.9214,True,False,False,False,False,False,False,False,False,False,False,False,False,True,False,False,False,False,False,False,False,False,False,False,False,False,False,True
215,18,6,4,1,10380,5,99266,-0.2690022,-0.3332682,2.211153,213.682,262.4063,True,False,False,False,False,False,False,False,False,False,False,False,False,False,False,True,False,False,False,False,False,False,False,False,False,False,False,True
215,18,6,4,1,10380,5,99266,-0.1922696,-0.6485135,2.287653,227.4377,311.5234,True,False,True,False,False,False,False,False,False,False,False,False,False,False,False,False,False,False,False,False,False,False,False,False,False,False,False,True
215,18,6,4,1,10380,5,99266,-0.1659054,-0.7039111,2.223597,230.9001,323.8016,True,False,False,False,False,False,True,False,False,False,False,False,False,False,False,False,False,False,False,False,False,False,False,False,False,False,False,True
215,18,6,4,1,10380,5,99266,-0.4074746,0.5847555,2.028377,184.2556,100.4964,True,False,False,False,False,False,False,False,False,False,False,False,False,False,False,False,False,False,False,False,False,True,False,False,False,False,False,True
215,18,6,4,1,10380,5,99266,-0.3427803,0.9420406,1.678856,183.4985,0.999939,True,False,False,False,False,False,False,False,False,True,False,False,False,False,False,False,False,False,False,False,False,False,False,False,False,False,False,True
215,18,6,4,1,10380,5,99266,-0.413315,0.9103793,1.63,165.5028,2.250549,True,False,False,False,False,False,False,False,False,False,False,False,False,False,False,False,False,False,False,False,False,False,True,False,False,False,False,True
215,18,6,4,1,10380,5,99266,-0.3452876,0.9432849,1.689726,183.4196,2.009949,True,False,False,False,False,False,False,False,False,False,True,False,False,False,False,False,False,False,False,False,False,False,False,False,False,False,False,True
215,18,6,4,1,10380,5,99266,-0.3346284,0.9242579,1.715714,186.7206,8.864975,True,False,False,False,False,False,False,False,False,False,False,False,False,False,False,False,False,False,False,False,False,False,False,True,False,False,False,True
215,18,6,4,1,10381,5,99300,-0.3656177,0.1063443,2.109696,194.7022,188.417,True,False,False,False,False,False,False,False,False,False,False,False,False,False,False,False,False,False,False,True,False,False,False,False,False,False,False,True
215,18,6,4,1,10381,5,99300,-0.3905711,0.3833762,2.066818,188.7877,138.587,True,False,False,False,False,False,False,False,False,False,False,False,False,False,False,False,False,False,False,False,True,False,False,False,False,False,False,True
215,18,6,4,1,10381,5,99300,-0.4120152,0.6499966,2.013562,182.847,87.70074,True,False,False,False,False,False,False,False,False,False,False,False,False,False,False,False,True,False,False,False,False,False,False,False,False,False,False,True
215,18,6,4,1,10381,5,99300,-0.4076344,0.7681126,2.004947,183.3197,65.40613,True,False,False,False,False,False,False,False,False,False,False,True,False,False,False,False,False,False,False,False,False,False,False,False,False,False,True,False
215,18,6,4,1,10381,5,99300,-0.5435743,0.552008,1.983767,157.2048,104.1504,True,False,False,False,False,False,False,False,False,False,False,False,False,False,False,False,False,True,False,False,False,False,False,False,False,False,False,True
215,18,6,4,1,10381,5,99300,-0.5083932,0.749801,1.769208,152.4357,50.61652,True,False,False,True,False,False,False,False,False,False,False,False,False,False,False,False,False,False,False,False,False,False,False,False,False,False,False,True
215,18,6,4,1,10381,5,99300,-0.4185643,0.9104357,1.661619,166.0274,5.946381,True,False,False,False,False,False,False,False,False,False,False,False,False,False,False,False,False,False,False,False,False,False,False,False,True,False,False,True
215,18,6,4,1,10381,5,99300,-0.3984626,0.9168981,1.664873,170.6181,4.870712,True,False,False,False,False,False,False,True,False,False,False,False,False,False,False,False,False,False,False,False,False,False,False,False,False,False,False,True
215,18,6,4,1,10381,5,99300,-0.278193,0.615752,2.021908,207.6456,94.52841,True,False,False,False,False,False,False,False,False,False,False,False,False,False,False,False,False,False,True,False,False,False,False,False,False,False,False,True
215,18,6,4,1,10381,5,99300,-0.2348808,0.738335,1.837855,211.218,58.51735,True,False,False,False,True,False,False,False,False,False,False,False,False,False,False,False,False,False,False,False,False,False,False,False,False,False,False,True
215,18,6,4,1,10381,5,99300,-0.2990109,0.8858323,1.697241,193.5672,14.76852,True,False,False,False,False,False,False,False,False,False,False,False,False,False,False,False,False,False,False,False,False,False,False,False,False,True,False,True
215,18,6,4,1,10381,5,99300,-0.3232652,0.8990026,1.6732,187.3862,9.355835,True,False,False,False,False,False,False,False,True,False,False,False,False,False,False,False,False,False,False,False,False,False,False,False,False,False,False,True
215,18,6,4,1,10381,5,99300,-0.4443166,0.1002556,2.054751,178.8278,188.9922,True,False,False,False,False,False,False,False,False,False,False,False,True,False,False,False,False,False,False,False,False,False,False,False,False,False,False,True
215,18,6,4,1,10381,5,99300,-0.4718234,-0.3103076,2.176791,178.5596,259.491,True,False,False,False,False,False,False,False,False,False,False,False,False,False,True,False,False,False,False,False,False,False,False,False,False,False,False,True
215,18,6,4,1,10381,5,99300,-0.4694612,-0.6532407,2.250819,181.41,314.1401,True,True,False,False,False,False,False,False,False,False,False,False,False,False,False,False,False,False,False,False,False,False,False,False,False,False,False,True
215,18,6,4,1,10381,5,99300,-0.4894536,-0.7266608,2.174512,175.2743,330.4261,True,False,False,False,False,True,False,False,False,False,False,False,False,False,False,False,False,False,False,False,False,False,False,False,False,False,False,True
215,18,6,4,1,10381,5,99300,-0.2753705,0.1081885,2.096924,210.186,187.9978,True,False,False,False,False,False,False,False,False,False,False,False,False,True,False,False,False,False,False,False,False,False,False,False,False,False,False,True
215,18,6,4,1,10381,5,99300,-0.2690367,-0.3338737,2.211234,213.6776,262.5052,True,False,False,False,False,False,False,False,False,False,False,False,False,False,False,True,False,False,False,False,False,False,False,False,False,False,False,True
215,18,6,4,1,10381,5,99300,-0.1919349,-0.6488373,2.28857,227.5041,311.5336,True,False,True,False,False,False,False,False,False,False,False,False,False,False,False,False,False,False,False,False,False,False,False,False,False,False,False,True
215,18,6,4,1,10381,5,99300,-0.1660179,-0.7035415,2.222832,230.872,323.7804,True,False,False,False,False,False,True,False,False,False,False,False,False,False,False,False,False,False,False,False,False,False,False,False,False,False,False,True
215,18,6,4,1,10381,5,99300,-0.4072009,0.5849553,2.028773,184.32,100.4809,True,False,False,False,False,False,False,False,False,False,False,False,False,False,False,False,False,False,False,False,False,True,False,False,False,False,False,True
215,18,6,4,1,10381,5,99300,-0.3516417,0.9252489,1.653549,180.3943,1.6008,True,False,False,False,False,False,False,False,False,True,False,False,False,False,False,False,False,False,False,False,False,False,False,False,False,False,False,True
215,18,6,4,1,10381,5,99300,-0.400474,0.8897299,1.59525,166.4137,2.502487,True,False,False,False,False,False,False,False,False,False,False,False,False,False,False,False,False,False,False,False,False,False,True,False,False,False,False,True
215,18,6,4,1,10381,5,99300,-0.3856787,0.9281508,1.661819,173.3114,2.091446,True,False,False,False,False,False,False,False,False,False,True,False,False,False,False,False,False,False,False,False,False,False,False,False,False,False,False,True
215,18,6,4,1,10381,5,99300,-0.3313447,0.8982617,1.732,188.0026,16.00398,True,False,False,False,False,False,False,False,False,False,False,False,False,False,False,False,False,False,False,False,False,False,False,True,False,False,False,True
215,18,6,4,1,10382,5,99334,-0.3656552,0.1062668,2.109981,194.7043,188.433,True,False,False,False,False,False,False,False,False,False,False,False,False,False,False,False,False,False,False,True,False,False,False,False,False,False,False,True
215,18,6,4,1,10382,5,99334,-0.3905607,0.3835822,2.067163,188.8011,138.5616,True,False,False,False,False,False,False,False,False,False,False,False,False,False,False,False,False,False,False,False,True,False,False,False,False,False,False,True
215,18,6,4,1,10382,5,99334,-0.4119883,0.650699,2.014029,182.8694,87.59933,True,False,False,False,False,False,False,False,False,False,False,False,False,False,False,False,True,False,False,False,False,False,False,False,False,False,False,True
215,18,6,4,1,10382,5,99334,-0.4073929,0.7685221,2.004927,183.3636,65.32939,True,False,False,False,False,False,False,False,False,False,False,True,False,False,False,False,False,False,False,False,False,False,False,False,False,False,True,False
215,18,6,4,1,10382,5,99334,-0.5492144,0.5406593,1.98714,156.3302,106.437,True,False,False,False,False,False,False,False,False,False,False,False,False,False,False,False,False,True,False,False,False,False,False,False,False,False,False,True
215,18,6,4,1,10382,5,99334,-0.5073444,0.7289079,1.764602,152.3459,54.52963,True,False,False,True,False,False,False,False,False,False,False,False,False,False,False,False,False,False,False,False,False,False,False,False,False,False,False,True
215,18,6,4,1,10382,5,99334,-0.4170542,0.8840213,1.648478,165.5482,10.05583,True,False,False,False,False,False,False,False,False,False,False,False,False,False,False,False,False,False,False,False,False,False,False,False,True,False,False,True
215,18,6,4,1,10382,5,99334,-0.3864518,0.8945074,1.644715,172.164,7.256454,True,False,False,False,False,False,False,True,False,False,False,False,False,False,False,False,False,False,False,False,False,False,False,False,False,False,False,True
215,18,6,4,1,10382,5,99334,-0.2784219,0.6144134,2.021745,207.6002,94.76493,True,False,False,False,False,False,False,False,False,False,False,False,False,False,False,False,False,False,True,False,False,False,False,False,False,False,True,False
215,18,6,4,1,10382,5,99334,-0.2351683,0.7300307,1.83541,211.0971,59.99097,True,False,False,False,True,False,False,False,False,False,False,False,False,False,False,False,False,False,False,False,False,False,False,False,False,False,False,True
215,18,6,4,1,10382,5,99334,-0.2994581,0.8659618,1.682563,192.8808,17.37515,True,False,False,False,False,False,False,False,False,False,False,False,False,False,False,False,False,False,False,False,False,False,False,False,False,True,False,True
215,18,6,4,1,10382,5,99334,-0.3307222,0.8796543,1.652511,184.8258,11.1579,True,False,False,False,False,False,False,False,True,False,False,False,False,False,False,False,False,False,False,False,False,False,False,False,False,False,False,True
215,18,6,4,1,10382,5,99334,-0.4443544,0.1000563,2.054934,178.8281,189.0295,True,False,False,False,False,False,False,False,False,False,False,False,True,False,False,False,False,False,False,False,False,False,False,False,False,False,False,True
215,18,6,4,1,10382,5,99334,-0.471957,-0.3102312,2.176628,178.5309,259.4821,True,False,False,False,False,False,False,False,False,False,False,False,False,False,True,False,False,False,False,False,False,False,False,False,False,False,False,True
215,18,6,4,1,10382,5,99334,-0.469227,-0.6532441,2.250408,181.4343,314.1602,True,True,False,False,False,False,False,False,False,False,False,False,False,False,False,False,False,False,False,False,False,False,False,False,False,False,False,True
215,18,6,4,1,10382,5,99334,-0.4893141,-0.726555,2.17406,175.2807,330.4337,True,False,False,False,False,True,False,False,False,False,False,False,False,False,False,False,False,False,False,False,False,False,False,False,False,False,False,True
215,18,6,4,1,10382,5,99334,-0.2753915,0.1083355,2.097343,210.192,187.9758,True,False,False,False,False,False,False,False,False,False,False,False,False,True,False,False,False,False,False,False,False,False,False,False,False,False,False,True
215,18,6,4,1,10382,5,99334,-0.2712171,-0.3340879,2.21065,213.3021,262.5566,True,False,False,False,False,False,False,False,False,False,False,False,False,False,False,True,False,False,False,False,False,False,False,False,False,False,False,True
215,18,6,4,1,10382,5,99334,-0.1917181,-0.6492919,2.289298,227.5488,311.5738,True,False,True,False,False,False,False,False,False,False,False,False,False,False,False,False,False,False,False,False,False,False,False,False,False,False,False,True
215,18,6,4,1,10382,5,99334,-0.1659639,-0.7031496,2.221892,230.8693,323.7646,True,False,False,False,False,False,True,False,False,False,False,False,False,False,False,False,False,False,False,False,False,False,False,False,False,False,False,True
215,18,6,4,1,10382,5,99334,-0.4071734,0.5854864,2.029206,184.3407,100.4068,True,False,False,False,False,False,False,False,False,False,False,False,False,False,False,False,False,False,False,False,False,True,False,False,False,False,False,True
215,18,6,4,1,10382,5,99334,-0.3345409,0.9018022,1.609282,182.1414,1.28334,True,False,False,False,False,False,False,False,False,True,False,False,False,False,False,False,False,False,False,False,False,False,False,False,False,False,False,True
215,18,6,4,1,10382,5,99334,-0.4106272,0.8603003,1.58644,163.4659,7.977432,True,False,False,False,False,False,False,False,False,False,False,False,False,False,False,False,False,False,False,False,False,False,True,False,False,False,False,True
215,18,6,4,1,10382,5,99334,-0.3894149,0.8905747,1.619159,170.1877,5.127518,True,False,False,False,False,False,False,False,False,False,True,False,False,False,False,False,False,False,False,False,False,False,False,False,False,False,False,True
215,18,6,4,1,10382,5,99334,-0.3683282,0.9034845,1.664625,177.1533,7.565765,True,False,False,False,False,False,False,False,False,False,False,False,False,False,False,False,False,False,False,False,False,False,False,True,False,False,False,True
215,18,6,4,1,10383,5,99367,-0.3656102,0.1061951,2.110252,194.7204,188.4479,True,False,False,False,False,False,False,False,False,False,False,False,False,False,False,False,False,False,False,True,False,False,False,False,False,False,False,True
215,18,6,4,1,10383,5,99367,-0.3901211,0.3835391,2.067838,188.9026,138.592,True,False,False,False,False,False,False,False,False,False,False,False,False,False,False,False,False,False,False,False,True,False,False,False,False,False,False,True
215,18,6,4,1,10383,5,99367,-0.4109772,0.6506928,2.015181,183.0983,87.66927,True,False,False,False,False,False,False,False,False,False,False,False,False,False,False,False,True,False,False,False,False,False,False,False,False,False,False,True
215,18,6,4,1,10383,5,99367,-0.4058186,0.7683122,2.005883,183.6891,65.43509,True,False,False,False,False,False,False,False,False,False,False,True,False,False,False,False,False,False,False,False,False,False,False,False,False,False,True,False
215,18,6,4,1,10383,5,99367,-0.5501701,0.53716,1.988311,156.2137,107.1473,True,False,False,False,False,False,False,False,False,False,False,False,False,False,False,False,False,True,False,False,False,False,False,False,False,False,False,True
215,18,6,4,1,10383,5,99367,-0.5055568,0.7116086,1.754548,152.0946,57.26726,True,False,False,True,False,False,False,False,False,False,False,False,False,False,False,False,False,False,False,False,False,False,False,False,False,False,False,True
215,18,6,4,1,10383,5,99367,-0.4106382,0.8445081,1.614292,164.9591,14.70624,True,False,False,False,False,False,False,False,False,False,False,False,False,False,False,False,False,False,False,False,False,False,False,False,True,False,False,True
215,18,6,4,1,10383,5,99367,-0.401014,0.8446701,1.614246,167.1309,14.6291,True,False,False,False,False,False,False,True,False,False,False,False,False,False,False,False,False,False,False,False,False,False,False,False,False,False,False,True
215,18,6,4,1,10383,5,99367,-0.2780511,0.6127309,2.021619,207.6656,95.06691,True,False,False,False,False,False,False,False,False,False,False,False,False,False,False,False,False,False,True,False,False,False,False,False,False,False,True,False
215,18,6,4,1,10383,5,99367,-0.2355792,0.7159972,1.830066,210.8761,62.3958,True,False,False,False,True,False,False,False,False,False,False,False,False,False,False,False,False,False,False,False,False,False,False,False,False,False,False,True
215,18,6,4,1,10383,5,99367,-0.3018413,0.8362191,1.664257,191.5971,21.77583,True,False,False,False,False,False,False,False,False,False,False,False,False,False,False,False,False,False,False,False,False,False,False,False,False,True,False,True
215,18,6,4,1,10383,5,99367,-0.3324791,0.8559198,1.627991,183.2973,13.51254,True,False,False,False,False,False,False,False,True,False,False,False,False,False,False,False,False,False,False,False,False,False,False,False,False,False,False,True
215,18,6,4,1,10383,5,99367,-0.4443545,0.09992402,2.055233,178.8398,189.0558,True,False,False,False,False,False,False,False,False,False,False,False,True,False,False,False,False,False,False,False,False,False,False,False,False,False,False,True
215,18,6,4,1,10383,5,99367,-0.4724306,-0.3097667,2.176073,178.4301,259.417,True,False,False,False,False,False,False,False,False,False,False,False,False,False,True,False,False,False,False,False,False,False,False,False,False,False,False,True
215,18,6,4,1,10383,5,99367,-0.4690951,-0.6532149,2.250532,181.4603,314.1495,True,True,False,False,False,False,False,False,False,False,False,False,False,False,False,False,False,False,False,False,False,False,False,False,False,False,False,True
215,18,6,4,1,10383,5,99367,-0.4893224,-0.7265553,2.173964,175.2756,330.4393,True,False,False,False,False,True,False,False,False,False,False,False,False,False,False,False,False,False,False,False,False,False,False,False,False,False,False,True
215,18,6,4,1,10383,5,99367,-0.2752988,0.1083672,2.097546,210.2129,187.9721,True,False,False,False,False,False,False,False,False,False,False,False,False,True,False,False,False,False,False,False,False,False,False,False,False,False,False,True
215,18,6,4,1,10383,5,99367,-0.2713856,-0.3340536,2.210856,213.2782,262.5458,True,False,False,False,False,False,False,False,False,False,False,False,False,False,False,True,False,False,False,False,False,False,False,False,False,False,False,True
215,18,6,4,1,10383,5,99367,-0.1921939,-0.6506978,2.291192,227.4974,311.7146,True,False,True,False,False,False,False,False,False,False,False,False,False,False,False,False,False,False,False,False,False,False,False,False,False,False,False,True
215,18,6,4,1,10383,5,99367,-0.1659648,-0.7031302,2.221656,230.8662,323.7738,True,False,False,False,False,False,True,False,False,False,False,False,False,False,False,False,False,False,False,False,False,False,False,False,False,False,False,True
215,18,6,4,1,10383,5,99367,-0.4063112,0.5854585,2.030243,184.5358,100.467,True,False,False,False,False,False,False,False,False,False,False,False,False,False,False,False,False,False,False,False,False,True,False,False,False,False,False,True
215,18,6,4,1,10383,5,99367,-0.3303441,0.8738391,1.572996,181.3365,2.999756,True,False,False,False,False,False,False,False,False,True,False,False,False,False,False,False,False,False,False,False,False,False,False,False,False,False,False,True
215,18,6,4,1,10383,5,99367,-0.4068866,0.823495,1.553571,162.2634,12.30537,True,False,False,False,False,False,False,False,False,False,False,False,False,False,False,False,False,False,False,False,False,False,True,False,False,False,False,True
215,18,6,4,1,10383,5,99367,-0.3764333,0.8729357,1.565544,170.2614,2.473602,True,False,False,False,False,False,False,False,False,False,True,False,False,False,False,False,False,False,False,False,False,False,False,False,False,False,False,True
215,18,6,4,1,10383,5,99367,-0.3715452,0.8842645,1.6372,175.068,8.534241,True,False,False,False,False,False,False,False,False,False,False,False,False,False,False,False,False,False,False,False,False,False,False,True,False,False,False,True
215,18,6,4,1,10384,5,99399,-0.3672621,0.1063014,2.110612,194.4423,188.4322,True,False,False,False,False,False,False,False,False,False,False,False,False,False,False,False,False,False,False,True,False,False,False,False,False,False,False,True
215,18,6,4,1,10384,5,99399,-0.3909605,0.3838355,2.068075,188.7604,138.5464,True,False,False,False,False,False,False,False,False,False,False,False,False,False,False,False,False,False,False,False,True,False,False,False,False,False,False,True
215,18,6,4,1,10384,5,99399,-0.4114164,0.6510676,2.01529,183.0217,87.60669,True,False,False,False,False,False,False,False,False,False,False,False,False,False,False,False,True,False,False,False,False,False,False,False,False,False,False,True
215,18,6,4,1,10384,5,99399,-0.4059248,0.7685244,2.005784,183.6659,65.38907,True,False,False,False,False,False,False,False,False,False,False,True,False,False,False,False,False,False,False,False,False,False,False,False,False,False,True,False
215,18,6,4,1,10384,5,99399,-0.5505531,0.5371628,1.988163,156.1348,107.1392,True,False,False,False,False,False,False,False,False,False,False,False,False,False,False,False,False,True,False,False,False,False,False,False,False,False,True,False
215,18,6,4,1,10384,5,99399,-0.5286586,0.6465331,1.796595,149.7554,74.03833,True,False,False,True,False,False,False,False,False,False,False,False,False,False,False,False,False,False,False,False,False,False,False,False,False,False,False,True
215,18,6,4,1,10384,5,99399,-0.4207575,0.7990063,1.630386,163.4266,26.52885,True,False,False,False,False,False,False,False,False,False,False,False,False,False,False,False,False,False,False,False,False,False,False,False,True,False,False,True
215,18,6,4,1,10384,5,99399,-0.3790713,0.829509,1.590173,170.7851,15.14442,True,False,False,False,False,False,False,True,False,False,False,False,False,False,False,False,False,False,False,False,False,False,False,False,False,False,False,True
215,18,6,4,1,10384,5,99399,-0.2786449,0.6120694,2.020962,207.5407,95.15153,True,False,False,False,False,False,False,False,False,False,False,False,False,False,False,False,False,False,True,False,False,False,False,False,False,False,True,False
215,18,6,4,1,10384,5,99399,-0.2350018,0.7033421,1.823087,210.8116,64.40895,True,False,False,False,True,False,False,False,False,False,False,False,False,False,False,False,False,False,False,False,False,False,False,False,False,False,False,True
215,18,6,4,1,10384,5,99399,-0.3052021,0.806129,1.634994,189.6211,25.18571,True,False,False,False,False,False,False,False,False,False,False,False,False,False,False,False,False,False,False,False,False,False,False,False,False,True,False,True
215,18,6,4,1,10384,5,99399,-0.3408985,0.8344948,1.591809,179.6547,14.09615,True,False,False,False,False,False,False,False,True,False,False,False,False,False,False,False,False,False,False,False,False,False,False,False,False,False,False,True
215,18,6,4,1,10384,5,99399,-0.4466562,0.1000672,2.05569,178.443,189.0337,True,False,False,False,False,False,False,False,False,False,False,False,True,False,False,False,False,False,False,False,False,False,False,False,False,False,False,True
215,18,6,4,1,10384,5,99399,-0.4727135,-0.3095103,2.175917,178.3763,259.3774,True,False,False,False,False,False,False,False,False,False,False,False,False,False,True,False,False,False,False,False,False,False,False,False,False,False,False,True
215,18,6,4,1,10384,5,99399,-0.4690595,-0.6531956,2.250445,181.4632,314.1504,True,True,False,False,False,False,False,False,False,False,False,False,False,False,False,False,False,False,False,False,False,False,False,False,False,False,False,True
215,18,6,4,1,10384,5,99399,-0.490249,-0.7272387,2.174963,175.1563,330.4987,True,False,False,False,False,True,False,False,False,False,False,False,False,False,False,False,False,False,False,False,False,False,False,False,False,False,False,True
215,18,6,4,1,10384,5,99399,-0.2763022,0.1085322,2.097754,210.0415,187.9449,True,False,False,False,False,False,False,False,False,False,False,False,False,True,False,False,False,False,False,False,False,False,False,False,False,False,False,True
215,18,6,4,1,10384,5,99399,-0.2722286,-0.3339125,2.211008,213.1409,262.5187,True,False,False,False,False,False,False,False,False,False,False,False,False,False,False,True,False,False,False,False,False,False,False,False,False,False,False,True
215,18,6,4,1,10384,5,99399,-0.1918319,-0.6499522,2.287832,227.5103,311.7484,True,False,True,False,False,False,False,False,False,False,False,False,False,False,False,False,False,False,False,False,False,False,False,False,False,False,False,True
215,18,6,4,1,10384,5,99399,-0.1656878,-0.7039909,2.221045,230.9044,323.95,True,False,False,False,False,False,True,False,False,False,False,False,False,False,False,False,False,False,False,False,False,False,False,False,False,False,False,True
215,18,6,4,1,10384,5,99399,-0.4068211,0.585807,2.030381,184.4478,100.4105,True,False,False,False,False,False,False,False,False,False,False,False,False,False,False,False,False,False,False,False,False,True,False,False,False,False,False,True
215,18,6,4,1,10384,5,99399,-0.3286417,0.8574404,1.543078,180.2542,2.966812,True,False,False,False,False,False,False,False,False,True,False,False,False,False,False,False,False,False,False,False,False,False,False,False,False,False,False,True
215,18,6,4,1,10384,5,99399,-0.3727472,0.8202139,1.5215,168.4822,9.00853,True,False,False,False,False,False,False,False,False,False,False,False,False,False,False,False,False,False,False,False,False,False,True,False,False,False,False,True
215,18,6,4,1,10384,5,99399,-0.3632903,0.857366,1.538889,171.8496,2.603226,True,False,False,False,False,False,False,False,False,False,True,False,False,False,False,False,False,False,False,False,False,False,False,False,False,False,False,True
215,18,6,4,1,10384,5,99399,-0.3610706,0.8537056,1.6247,176.705,13.70457,True,False,False,False,False,False,False,False,False,False,False,False,False,False,False,False,False,False,False,False,False,False,False,True,False,False,False,True
215,18,6,4,1,10385,5,99433,-0.3736669,0.1119772,2.11051,193.3171,187.4405,True,False,False,False,False,False,False,False,False,False,False,False,False,False,False,False,False,False,False,True,False,False,False,False,False,False,False,True
215,18,6,4,1,10385,5,99433,-0.3932994,0.3865832,2.068286,188.3476,138.0607,True,False,False,False,False,False,False,False,False,False,False,False,False,False,False,False,False,False,False,False,True,False,False,False,False,False,False,True
215,18,6,4,1,10385,5,99433,-0.4117335,0.6519929,2.015481,182.9704,87.44798,True,False,False,False,False,False,False,False,False,False,False,False,False,False,False,False,True,False,False,False,False,False,False,False,False,False,False,True
215,18,6,4,1,10385,5,99433,-0.4059749,0.7692488,2.005664,183.6523,65.24742,True,False,False,False,False,False,False,False,False,False,False,True,False,False,False,False,False,False,False,False,False,False,False,False,False,False,True,False
215,18,6,4,1,10385,5,99433,-0.5505171,0.5376149,1.988026,156.1343,107.0482,True,False,False,False,False,False,False,False,False,False,False,False,False,False,False,False,False,True,False,False,False,False,False,False,False,False,True,False
215,18,6,4,1,10385,5,99433,-0.5411173,0.6252924,1.783833,146.3958,77.48271,True,False,False,True,False,False,False,False,False,False,False,False,False,False,False,False,False,False,False,False,False,False,False,False,False,False,False,True
215,18,6,4,1,10385,5,99433,-0.4101171,0.7628556,1.607101,164.4114,32.05469,True,False,False,False,False,False,False,False,False,False,False,False,False,False,False,False,False,False,False,False,False,False,False,False,True,False,False,True
215,18,6,4,1,10385,5,99433,-0.3616104,0.8067051,1.560872,173.212,16.82434,True,False,False,False,False,False,False,True,False,False,False,False,False,False,False,False,False,False,False,False,False,False,False,False,False,False,False,True
215,18,6,4,1,10385,5,99433,-0.2787385,0.6118754,2.02069,207.5167,95.17198,True,False,False,False,False,False,False,False,False,False,False,False,False,False,False,False,False,False,True,False,False,False,False,False,False,False,True,False
215,18,6,4,1,10385,5,99433,-0.2348305,0.684056,1.814363,210.6191,67.65582,True,False,False,False,True,False,False,False,False,False,False,False,False,False,False,False,False,False,False,False,False,False,False,False,False,False,False,True
215,18,6,4,1,10385,5,99433,-0.3308651,0.79796,1.593073,181.9266,22.42656,True,False,False,False,False,False,False,False,False,False,False,False,False,False,False,False,False,False,False,False,False,False,False,False,False,True,False,True
215,18,6,4,1,10385,5,99433,-0.3491777,0.8163633,1.553257,175.7678,13.67241,True,False,False,False,False,False,False,False,True,False,False,False,False,False,False,False,False,False,False,False,False,False,False,False,False,False,False,True
215,18,6,4,1,10385,5,99433,-0.4532911,0.1065185,2.057484,177.3177,187.893,True,False,False,False,False,False,False,False,False,False,False,False,True,False,False,False,False,False,False,False,False,False,False,False,False,False,False,True
215,18,6,4,1,10385,5,99433,-0.4729606,-0.3093033,2.175947,178.3355,259.3417,True,False,False,False,False,False,False,False,False,False,False,False,False,False,True,False,False,False,False,False,False,False,False,False,False,False,False,True
215,18,6,4,1,10385,5,99433,-0.4688815,-0.6533936,2.250602,181.4978,314.1754,True,True,False,False,False,False,False,False,False,False,False,False,False,False,False,False,False,False,False,False,False,False,False,False,False,False,False,True
215,18,6,4,1,10385,5,99433,-0.4901157,-0.7272285,2.174902,175.1766,330.5005,True,False,False,False,False,True,False,False,False,False,False,False,False,False,False,False,False,False,False,False,False,False,False,False,False,False,False,True
215,18,6,4,1,10385,5,99433,-0.2825445,0.1138532,2.09575,208.8967,186.9921,True,False,False,False,False,False,False,False,False,False,False,False,False,True,False,False,False,False,False,False,False,False,False,False,False,False,False,True
215,18,6,4,1,10385,5,99433,-0.2721557,-0.3286261,2.20922,213.1183,261.6809,True,False,False,False,False,False,False,False,False,False,False,False,False,False,False,True,False,False,False,False,False,False,False,False,False,False,False,True
215,18,6,4,1,10385,5,99433,-0.1916775,-0.6493344,2.288766,227.5481,311.6051,True,False,True,False,False,False,False,False,False,False,False,False,False,False,False,False,False,False,False,False,False,False,False,False,False,False,False,True
215,18,6,4,1,10385,5,99433,-0.1662386,-0.7032962,2.22135,230.8168,323.8179,True,False,False,False,False,False,True,False,False,False,False,False,False,False,False,False,False,False,False,False,False,False,False,False,False,False,False,True
215,18,6,4,1,10385,5,99433,-0.4074681,0.5870628,2.030595,184.3372,100.1922,True,False,False,False,False,False,False,False,False,False,False,False,False,False,False,False,False,False,False,False,False,True,False,False,False,False,False,True
215,18,6,4,1,10385,5,99433,-0.321375,0.8381419,1.513081,180.4557,3.574677,True,False,False,False,False,False,False,False,False,True,False,False,False,False,False,False,False,False,False,False,False,False,False,False,False,False,False,True
215,18,6,4,1,10385,5,99433,-0.3731701,0.8330643,1.511471,167.8721,4.773148,True,False,False,False,False,False,False,False,False,False,False,False,False,False,False,False,False,False,False,False,False,False,True,False,False,False,False,True
215,18,6,4,1,10385,5,99433,-0.3545878,0.8409855,1.508735,172.2336,2.498535,True,False,False,False,False,False,False,False,False,False,True,False,False,False,False,False,False,False,False,False,False,False,False,False,False,False,False,True
215,18,6,4,1,10385,5,99433,-0.3802961,0.775786,1.540972,167.6176,21.68323,True,False,False,False,False,False,False,False,False,False,False,False,False,False,False,False,False,False,False,False,False,False,False,True,False,False,False,True
215,18,6,4,1,10386,5,99467,-0.3749216,0.1120517,2.110644,193.1017,187.4285,True,False,False,False,False,False,False,False,False,False,False,False,False,False,False,False,False,False,False,True,False,False,False,False,False,False,False,True
215,18,6,4,1,10386,5,99467,-0.3940866,0.3870881,2.068647,188.2188,137.9821,True,False,False,False,False,False,False,False,False,False,False,False,False,False,False,False,False,False,False,False,True,False,False,False,False,False,False,True
215,18,6,4,1,10386,5,99467,-0.4119499,0.6527439,2.016053,182.952,87.34393,True,False,False,False,False,False,False,False,False,False,False,False,False,False,False,False,True,False,False,False,False,False,False,False,False,False,False,True
215,18,6,4,1,10386,5,99467,-0.4060136,0.769816,2.005947,183.6558,65.16306,True,False,False,False,False,False,False,False,False,False,False,True,False,False,False,False,False,False,False,False,False,False,False,False,False,False,True,False
215,18,6,4,1,10386,5,99467,-0.55032,0.5380839,1.988026,156.1709,106.9609,True,False,False,False,False,False,False,False,False,False,False,False,False,False,False,False,False,True,False,False,False,False,False,False,False,False,True,False
215,18,6,4,1,10386,5,99467,-0.507963,0.629735,1.736617,150.4052,73.02275,True,False,False,True,False,False,False,False,False,False,False,False,False,False,False,False,False,False,False,False,False,False,False,False,False,False,False,True
215,18,6,4,1,10386,5,99467,-0.3985013,0.745563,1.582938,165.6578,33.36874,True,False,False,False,False,False,False,False,False,False,False,False,False,False,False,False,False,False,False,False,False,False,False,False,True,False,False,True
215,18,6,4,1,10386,5,99467,-0.3541292,0.7740859,1.541942,173.8766,22.1107,True,False,False,False,False,False,False,True,False,False,False,False,False,False,False,False,False,False,False,False,False,False,False,False,False,False,False,True
215,18,6,4,1,10386,5,99467,-0.2787658,0.6116402,2.020582,207.5091,95.20913,True,False,False,False,False,False,False,False,False,False,False,False,False,False,False,False,False,False,True,False,False,False,False,False,False,False,True,False
215,18,6,4,1,10386,5,99467,-0.2397744,0.6733288,1.772663,208.4627,66.61174,True,False,False,False,True,False,False,False,False,False,False,False,False,False,False,False,False,False,False,False,False,False,False,False,False,False,False,True
215,18,6,4,1,10386,5,99467,-0.3278032,0.7663476,1.583533,182.12,28.53363,True,False,False,False,False,False,False,False,False,False,False,False,False,False,False,False,False,False,False,False,False,False,False,False,False,True,False,True
215,18,6,4,1,10386,5,99467,-0.3478299,0.7796695,1.539113,175.2408,20.46361,True,False,False,False,False,False,False,False,True,False,False,False,False,False,False,False,False,False,False,False,False,False,False,False,False,False,False,True
215,18,6,4,1,10386,5,99467,-0.454787,0.1066823,2.057915,177.0656,187.8674,True,False,False,False,False,False,False,False,False,False,False,False,True,False,False,False,False,False,False,False,False,False,False,False,False,False,False,True
215,18,6,4,1,10386,5,99467,-0.473027,-0.3095439,2.176126,178.3307,259.3782,True,False,False,False,False,False,False,False,False,False,False,False,False,False,True,False,False,False,False,False,False,False,False,False,False,False,False,True
215,18,6,4,1,10386,5,99467,-0.4688451,-0.6533666,2.250681,181.5065,314.1672,True,True,False,False,False,False,False,False,False,False,False,False,False,False,False,False,False,False,False,False,False,False,False,False,False,False,False,True
215,18,6,4,1,10386,5,99467,-0.4901207,-0.7273023,2.174857,175.1741,330.5156,True,False,False,False,False,True,False,False,False,False,False,False,False,False,False,False,False,False,False,False,False,False,False,False,False,False,False,True
215,18,6,4,1,10386,5,99467,-0.2834453,0.1138506,2.095614,208.735,186.9911,True,False,False,False,False,False,False,False,False,False,False,False,False,True,False,False,False,False,False,False,False,False,False,False,False,False,False,True
215,18,6,4,1,10386,5,99467,-0.2721621,-0.3285429,2.209298,213.1189,261.6651,True,False,False,False,False,False,False,False,False,False,False,False,False,False,False,True,False,False,False,False,False,False,False,False,False,False,False,True
215,18,6,4,1,10386,5,99467,-0.1914694,-0.648728,2.287782,227.5685,311.552,True,False,True,False,False,False,False,False,False,False,False,False,False,False,False,False,False,False,False,False,False,False,False,False,False,False,False,True
215,18,6,4,1,10386,5,99467,-0.1656491,-0.7035169,2.222152,230.9248,323.8122,True,False,False,False,False,False,True,False,False,False,False,False,False,False,False,False,False,False,False,False,False,False,False,False,False,False,False,True
215,18,6,4,1,10386,5,99467,-0.4078364,0.5877494,2.031107,184.2886,100.0937,True,False,False,False,False,False,False,False,False,False,False,False,False,False,False,False,False,False,False,False,False,True,False,False,False,False,False,True
215,18,6,4,1,10386,5,99467,-0.3257105,0.8126515,1.50989,179.1549,9.139496,True,False,False,False,False,False,False,False,False,True,False,False,False,False,False,False,False,False,False,False,False,False,False,False,False,False,False,True
215,18,6,4,1,10386,5,99467,-0.370984,0.7985089,1.49719,167.4249,11.05507,True,False,False,False,False,False,False,False,False,False,False,False,False,False,False,False,False,False,False,False,False,False,True,False,False,False,False,True
215,18,6,4,1,10386,5,99467,-0.3591973,0.8076589,1.497566,170.3536,8.893494,True,False,False,False,False,False,False,False,False,False,True,False,False,False,False,False,False,False,False,False,False,False,False,False,False,False,False,True
215,18,6,4,1,10386,5,99467,-0.3851735,0.7383382,1.539625,166.2692,30.27458,True,False,False,False,False,False,False,False,False,False,False,False,False,False,False,False,False,False,False,False,False,False,False,True,False,False,False,True
215,18,6,4,1,10387,5,99503,-0.3756583,0.1114958,2.111134,192.9882,187.5297,True,False,False,False,False,False,False,False,False,False,False,False,False,False,False,False,False,False,False,True,False,False,False,False,False,False,False,True
215,18,6,4,1,10387,5,99503,-0.3949445,0.3903327,2.068171,188.0471,137.3853,True,False,False,False,False,False,False,False,False,False,False,False,False,False,False,False,False,False,False,False,True,False,False,False,False,False,False,True
215,18,6,4,1,10387,5,99503,-0.4119407,0.6682749,2.011916,182.7938,84.23859,True,False,False,False,False,False,False,False,False,False,False,False,False,False,False,False,True,False,False,False,False,False,False,False,False,False,False,True
215,18,6,4,1,10387,5,99503,-0.4054572,0.7853149,2.001157,183.5834,61.96959,True,False,False,False,False,False,False,False,False,False,False,True,False,False,False,False,False,False,False,False,False,False,False,False,False,False,True,False
215,18,6,4,1,10387,5,99503,-0.549264,0.5436143,1.985869,156.2546,105.8218,True,False,False,False,False,False,False,False,False,False,False,False,False,False,False,False,False,True,False,False,False,False,False,False,False,False,True,False
215,18,6,4,1,10387,5,99503,-0.504127,0.6164547,1.729028,150.7414,75.26064,True,False,False,True,False,False,False,False,False,False,False,False,False,False,False,False,False,False,False,False,False,False,False,False,False,False,False,True
215,18,6,4,1,10387,5,99503,-0.3923002,0.6982534,1.561397,165.7584,41.99292,True,False,False,False,False,False,False,False,False,False,False,False,False,False,False,False,False,False,False,False,False,False,False,False,True,False,False,True
215,18,6,4,1,10387,5,99503,-0.3526698,0.7297907,1.530566,173.5012,31.19005,True,False,False,False,False,False,False,True,False,False,False,False,False,False,False,False,False,False,False,False,False,False,False,False,False,False,False,True
215,18,6,4,1,10387,5,99503,-0.2786656,0.613383,2.018937,207.4849,94.79722,True,False,False,False,False,False,False,False,False,False,False,False,False,False,False,False,False,False,True,False,False,False,False,False,False,False,True,False
215,18,6,4,1,10387,5,99503,-0.2227753,0.6264713,1.802161,212.7791,78.55284,True,False,False,False,True,False,False,False,False,False,False,False,False,False,False,False,False,False,False,False,False,False,False,False,False,False,False,True
215,18,6,4,1,10387,5,99503,-0.2939939,0.7029644,1.597309,190.4738,44.44366,True,False,False,False,False,False,False,False,False,False,False,False,False,False,False,False,False,False,False,False,False,False,False,False,False,True,False,True
215,18,6,4,1,10387,5,99503,-0.3368891,0.7330664,1.533438,177.4414,30.70471,True,False,False,False,False,False,False,False,True,False,False,False,False,False,False,False,False,False,False,False,False,False,False,False,False,False,False,True
215,18,6,4,1,10387,5,99503,-0.4554656,0.1060605,2.058275,176.958,187.9818,True,False,False,False,False,False,False,False,False,False,False,False,True,False,False,False,False,False,False,False,False,False,False,False,False,False,False,True
215,18,6,4,1,10387,5,99503,-0.4731188,-0.3107066,2.177191,178.3539,259.5497,True,False,False,False,False,False,False,False,False,False,False,False,False,False,True,False,False,False,False,False,False,False,False,False,False,False,False,True
215,18,6,4,1,10387,5,99503,-0.4688146,-0.6532809,2.250566,181.5075,314.1586,True,True,False,False,False,False,False,False,False,False,False,False,False,False,False,False,False,False,False,False,False,False,False,False,False,False,False,True
215,18,6,4,1,10387,5,99503,-0.4900596,-0.7272927,2.174818,175.1829,330.5162,True,False,False,False,False,True,False,False,False,False,False,False,False,False,False,False,False,False,False,False,False,False,False,False,False,False,False,True
215,18,6,4,1,10387,5,99503,-0.2841192,0.1133996,2.096166,208.6298,187.0754,True,False,False,False,False,False,False,False,False,False,False,False,False,True,False,False,False,False,False,False,False,False,False,False,False,False,False,True
215,18,6,4,1,10387,5,99503,-0.2724217,-0.3290117,2.209754,213.0848,261.7322,True,False,False,False,False,False,False,False,False,False,False,False,False,False,False,True,False,False,False,False,False,False,False,False,False,False,False,True
215,18,6,4,1,10387,5,99503,-0.1903986,-0.653686,2.293183,227.8125,312.1063,True,False,True,False,False,False,False,False,False,False,False,False,False,False,False,False,False,False,False,False,False,False,False,False,False,False,False,True
215,18,6,4,1,10387,5,99503,-0.1653222,-0.7045995,2.220652,230.9602,324.0726,True,False,False,False,False,False,True,False,False,False,False,False,False,False,False,False,False,False,False,False,False,False,False,False,False,False,False,True
215,18,6,4,1,10387,5,99503,-0.4082972,0.599413,2.028216,184.0929,97.80881,True,False,False,False,False,False,False,False,False,False,False,False,False,False,False,False,False,False,False,False,False,True,False,False,False,False,False,True
215,18,6,4,1,10387,5,99503,-0.3235002,0.7723534,1.49236,178.6671,16.49968,True,False,False,False,False,False,False,False,False,True,False,False,False,False,False,False,False,False,False,False,False,False,False,False,False,False,False,True
215,18,6,4,1,10387,5,99503,-0.3690383,0.7622265,1.488737,167.2617,18.63336,True,False,False,False,False,False,False,False,False,False,False,False,False,False,False,False,False,False,False,False,False,False,True,False,False,False,False,True
215,18,6,4,1,10387,5,99503,-0.3577678,0.7703596,1.481159,169.6219,15.71001,True,False,False,False,False,False,False,False,False,False,True,False,False,False,False,False,False,False,False,False,False,False,False,False,False,False,False,True
215,18,6,4,1,10387,5,99503,-0.3768472,0.699483,1.52451,167.2845,37.75873,True,False,False,False,False,False,False,False,False,False,False,False,False,False,False,False,False,False,False,False,False,False,False,True,False,False,False,True
215,18,6,4,1,10388,5,99548,-0.3741977,0.08797715,2.116977,193.4291,191.6712,True,False,False,False,False,False,False,False,False,False,False,False,False,False,False,False,False,False,False,True,False,False,False,False,False,False,False,True
215,18,6,4,1,10388,5,99548,-0.3955693,0.3886734,2.068879,187.9607,137.7055,True,False,False,False,False,False,False,False,False,False,False,False,False,False,False,False,False,False,False,False,True,False,False,False,False,False,False,True
215,18,6,4,1,10388,5,99548,-0.4135658,0.6697057,2.012155,182.5038,83.98958,True,False,False,False,False,False,False,False,False,False,False,False,False,False,False,False,True,False,False,False,False,False,False,False,False,False,False,True
215,18,6,4,1,10388,5,99548,-0.4097188,0.7871058,2.001285,182.8026,61.65036,True,False,False,False,False,False,False,False,False,False,False,True,False,False,False,False,False,False,False,False,False,False,False,False,False,False,False,True
215,18,6,4,1,10388,5,99548,-0.5386083,0.518602,1.989463,158.4305,110.6615,True,False,False,False,False,False,False,False,False,False,False,False,False,False,False,False,False,True,False,False,False,False,False,False,False,False,False,True
215,18,6,4,1,10388,5,99548,-0.4951721,0.5847055,1.715063,151.775,81.00484,True,False,False,True,False,False,False,False,False,False,False,False,False,False,False,False,False,False,False,False,False,False,False,False,False,False,False,True
215,18,6,4,1,10388,5,99548,-0.3830659,0.6656212,1.547053,167.0504,48.15649,True,False,False,False,False,False,False,False,False,False,False,False,False,False,False,False,False,False,False,False,False,False,False,False,True,False,False,True
215,18,6,4,1,10388,5,99548,-0.3477019,0.6909617,1.515955,173.8241,38.80574,True,False,False,False,False,False,False,True,False,False,False,False,False,False,False,False,False,False,False,False,False,False,False,False,False,False,False,True
215,18,6,4,1,10388,5,99548,-0.2797973,0.6135358,2.018708,207.2719,94.75581,True,False,False,False,False,False,False,False,False,False,False,False,False,False,False,False,False,False,True,False,False,False,False,False,False,False,True,False
215,18,6,4,1,10388,5,99548,-0.2248873,0.6097083,1.780011,211.7749,80.43986,True,False,False,False,True,False,False,False,False,False,False,False,False,False,False,False,False,False,False,False,False,False,False,False,False,False,False,True
215,18,6,4,1,10388,5,99548,-0.3183638,0.6787804,1.538635,182.0517,44.08978,True,False,False,False,False,False,False,False,False,False,False,False,False,False,False,False,False,False,False,False,False,False,False,False,False,True,False,True
215,18,6,4,1,10388,5,99548,-0.3333872,0.6909084,1.520204,177.5186,39.25592,True,False,False,False,False,False,False,False,True,False,False,False,False,False,False,False,False,False,False,False,False,False,False,False,False,False,False,True
215,18,6,4,1,10388,5,99548,-0.4526096,0.08045143,2.061949,177.6223,192.5905,True,False,False,False,False,False,False,False,False,False,False,False,True,False,False,False,False,False,False,False,False,False,False,False,False,False,False,True
215,18,6,4,1,10388,5,99548,-0.4726445,-0.3156799,2.181,178.5726,260.299,True,False,False,False,False,False,False,False,False,False,False,False,False,False,True,False,False,False,False,False,False,False,False,False,False,False,False,True
215,18,6,4,1,10388,5,99548,-0.4688428,-0.6532803,2.250564,181.5029,314.1586,True,True,False,False,False,False,False,False,False,False,False,False,False,False,False,False,False,False,False,False,False,False,False,False,False,False,False,True
215,18,6,4,1,10388,5,99548,-0.4900261,-0.7273074,2.174641,175.1819,330.5288,True,False,False,False,False,True,False,False,False,False,False,False,False,False,False,False,False,False,False,False,False,False,False,False,False,False,False,True
215,18,6,4,1,10388,5,99548,-0.283774,0.09225924,2.103869,208.8768,190.8422,True,False,False,False,False,False,False,False,False,False,False,False,False,True,False,False,False,False,False,False,False,False,False,False,False,False,False,True
215,18,6,4,1,10388,5,99548,-0.272155,-0.345866,2.216436,213.2598,264.3723,True,False,False,False,False,False,False,False,False,False,False,False,False,False,False,True,False,False,False,False,False,False,False,False,False,False,False,True
215,18,6,4,1,10388,5,99548,-0.1899982,-0.6540135,2.295497,227.9079,312.0524,True,False,True,False,False,False,False,False,False,False,False,False,False,False,False,False,False,False,False,False,False,False,False,False,False,False,False,True
215,18,6,4,1,10388,5,99548,-0.1656423,-0.7037244,2.220845,230.9095,323.9161,True,False,False,False,False,False,True,False,False,False,False,False,False,False,False,False,False,False,False,False,False,False,False,False,False,False,False,True
215,18,6,4,1,10388,5,99548,-0.4093158,0.600032,2.028445,183.9152,97.7076,True,False,False,False,False,False,False,False,False,False,False,False,False,False,False,False,False,False,False,False,False,True,False,False,False,False,False,True
215,18,6,4,1,10388,5,99548,-0.320667,0.7246097,1.486216,178.9175,27.26009,True,False,False,False,False,False,False,False,False,True,False,False,False,False,False,False,False,False,False,False,False,False,False,False,False,False,False,True
215,18,6,4,1,10388,5,99548,-0.3637305,0.7317072,1.479074,167.8941,24.8078,True,False,False,False,False,False,False,False,False,False,False,False,False,False,False,False,False,False,False,False,False,False,True,False,False,False,False,True
215,18,6,4,1,10388,5,99548,-0.3606959,0.7222678,1.477095,168.4996,26.85738,True,False,False,False,False,False,False,False,False,False,True,False,False,False,False,False,False,False,False,False,False,False,False,False,False,False,False,True
215,18,6,4,1,10388,5,99548,-0.3756573,0.6572549,1.51961,167.2042,47.3291,True,False,False,False,False,False,False,False,False,False,False,False,False,False,False,False,False,False,False,False,False,False,False,True,False,False,False,True
215,18,6,4,1,10389,5,99579,-0.3786566,0.03840562,2.13118,193.0977,200.3284,True,False,False,False,False,False,False,False,False,False,False,False,False,False,False,False,False,False,False,True,False,False,False,False,False,False,False,True
215,18,6,4,1,10389,5,99579,-0.4013168,0.3500981,2.081183,187.3817,144.9668,True,False,False,False,False,False,False,False,False,False,False,False,False,False,False,False,False,False,False,False,True,False,False,False,False,False,False,True
215,18,6,4,1,10389,5,99579,-0.4189958,0.6519693,2.018954,181.7705,87.65646,True,False,False,False,False,False,False,False,False,False,False,False,False,False,False,False,True,False,False,False,False,False,False,False,False,False,False,True
215,18,6,4,1,10389,5,99579,-0.4149472,0.7676882,2.006252,182.0224,65.57736,True,False,False,False,False,False,False,False,False,False,False,True,False,False,False,False,False,False,False,False,False,False,False,False,False,False,False,True
215,18,6,4,1,10389,5,99579,-0.5376605,0.5105976,1.990005,158.6373,112.177,True,False,False,False,False,False,False,False,False,False,False,False,False,False,False,False,False,True,False,False,False,False,False,False,False,False,False,True
215,18,6,4,1,10389,5,99579,-0.5090247,0.5438214,1.749773,150.9521,92.12055,True,False,False,True,False,False,False,False,False,False,False,False,False,False,False,False,False,False,False,False,False,False,False,False,False,False,False,True
215,18,6,4,1,10389,5,99579,-0.3891779,0.614212,1.563062,166.477,61.81778,True,False,False,False,False,False,False,False,False,False,False,False,False,False,False,False,False,False,False,False,False,False,False,False,True,False,False,True
215,18,6,4,1,10389,5,99579,-0.3422818,0.6447054,1.508349,174.6568,49.14655,True,False,False,False,False,False,False,True,False,False,False,False,False,False,False,False,False,False,False,False,False,False,False,False,False,False,False,True
215,18,6,4,1,10389,5,99579,-0.2886142,0.5542194,2.028803,205.9505,106.1621,True,False,False,False,False,False,False,False,False,False,False,False,False,False,False,False,False,False,True,False,False,False,False,False,False,False,False,True
215,18,6,4,1,10389,5,99579,-0.222899,0.5815359,1.750854,211.4236,84.29265,True,False,False,False,True,False,False,False,False,False,False,False,False,False,False,False,False,False,False,False,False,False,False,False,False,False,False,True
215,18,6,4,1,10389,5,99579,-0.320455,0.6393397,1.525464,180.8548,52.16631,True,False,False,False,False,False,False,False,False,False,False,False,False,False,False,False,False,False,False,False,False,False,False,False,False,True,False,True
215,18,6,4,1,10389,5,99579,-0.3289689,0.6448359,1.511382,178.0678,49.41319,True,False,False,False,False,False,False,False,True,False,False,False,False,False,False,False,False,False,False,False,False,False,False,False,False,False,False,True
215,18,6,4,1,10389,5,99579,-0.459297,0.0360819,2.077213,177.0333,200.5606,True,False,False,False,False,False,False,False,False,False,False,False,True,False,False,False,False,False,False,False,False,False,False,False,False,False,False,True
215,18,6,4,1,10389,5,99579,-0.4723302,-0.319451,2.182418,178.6762,260.9022,True,False,False,False,False,False,False,False,False,False,False,False,False,False,True,False,False,False,False,False,False,False,False,False,False,False,False,True
215,18,6,4,1,10389,5,99579,-0.4683951,-0.652651,2.250312,181.568,314.0669,True,True,False,False,False,False,False,False,False,False,False,False,False,False,False,False,False,False,False,False,False,False,False,False,False,False,False,True
215,18,6,4,1,10389,5,99579,-0.4906737,-0.7272583,2.176355,175.1375,330.423,True,False,False,False,False,True,False,False,False,False,False,False,False,False,False,False,False,False,False,False,False,False,False,False,False,False,False,True
215,18,6,4,1,10389,5,99579,-0.2856874,0.0406589,2.116515,208.8464,199.8977,True,False,False,False,False,False,False,False,False,False,False,False,False,True,False,False,False,False,False,False,False,False,False,False,False,False,False,True
215,18,6,4,1,10389,5,99579,-0.2712616,-0.3486376,2.218352,213.4463,264.7832,True,False,False,False,False,False,False,False,False,False,False,False,False,False,False,True,False,False,False,False,False,False,False,False,False,False,False,True
215,18,6,4,1,10389,5,99579,-0.1901317,-0.6482224,2.289287,227.8047,311.4004,True,False,True,False,False,False,False,False,False,False,False,False,False,False,False,False,False,False,False,False,False,False,False,False,False,False,False,True
215,18,6,4,1,10389,5,99579,-0.1660543,-0.7024163,2.221418,230.8485,323.6671,True,False,False,False,False,False,True,False,False,False,False,False,False,False,False,False,False,False,False,False,False,False,False,False,False,False,False,True
215,18,6,4,1,10389,5,99579,-0.4149551,0.5791158,2.036151,183.184,101.9282,True,False,False,False,False,False,False,False,False,False,False,False,False,False,False,False,False,False,False,False,False,True,False,False,False,False,False,True
215,18,6,4,1,10389,5,99579,-0.3107458,0.6889838,1.471793,180.5579,34.27696,True,False,False,False,False,False,False,False,False,True,False,False,False,False,False,False,False,False,False,False,False,False,False,False,False,False,False,True
215,18,6,4,1,10389,5,99579,-0.3629938,0.6822276,1.47413,167.6464,36.31476,True,False,False,False,False,False,False,False,False,False,False,False,False,False,False,False,False,False,False,False,False,False,True,False,False,False,False,True
215,18,6,4,1,10389,5,99579,-0.3499243,0.6776421,1.466865,170.466,36.59154,True,False,False,False,False,False,False,False,False,False,True,False,False,False,False,False,False,False,False,False,False,False,False,False,False,False,False,True
215,18,6,4,1,10389,5,99579,-0.3741029,0.6138508,1.510186,166.9627,56.85495,True,False,False,False,False,False,False,False,False,False,False,False,False,False,False,False,False,False,False,False,False,False,False,True,False,False,False,True
215,18,6,4,1,10390,5,99609,-0.3784387,0.02081273,2.137361,193.3261,203.3748,True,False,False,False,False,False,False,False,False,False,False,False,False,False,False,False,False,False,False,True,False,False,False,False,False,False,False,True
215,18,6,4,1,10390,5,99609,-0.4020704,0.3302965,2.088358,187.5054,148.6841,True,False,False,False,False,False,False,False,False,False,False,False,False,False,False,False,False,False,False,False,True,False,False,False,False,False,False,True
215,18,6,4,1,10390,5,99609,-0.4222566,0.6277361,2.028336,181.5398,92.63488,True,False,False,False,False,False,False,False,False,False,False,False,False,False,False,False,True,False,False,False,False,False,False,False,False,False,False,True
215,18,6,4,1,10390,5,99609,-0.4200812,0.7329859,2.002109,180.9132,71.68259,True,False,False,False,False,False,False,False,False,False,False,True,False,False,False,False,False,False,False,False,False,False,False,False,False,False,False,True
215,18,6,4,1,10390,5,99609,-0.5341636,0.4696957,1.992665,159.4395,119.9039,True,False,False,False,False,False,False,False,False,False,False,False,False,False,False,False,False,True,False,False,False,False,False,False,False,False,False,True
215,18,6,4,1,10390,5,99609,-0.5059611,0.5295694,1.746665,151.4079,94.92994,True,False,False,True,False,False,False,False,False,False,False,False,False,False,False,False,False,False,False,False,False,False,False,False,False,False,False,True
215,18,6,4,1,10390,5,99609,-0.3938286,0.5634834,1.562058,165.2904,73.67943,True,False,False,False,False,False,False,False,False,False,False,False,False,False,False,False,False,False,False,False,False,False,False,False,True,False,False,True
215,18,6,4,1,10390,5,99609,-0.3431979,0.5933723,1.506964,174.3104,61.5006,True,False,False,False,False,False,False,True,False,False,False,False,False,False,False,False,False,False,False,False,False,False,False,False,False,False,False,True
215,18,6,4,1,10390,5,99609,-0.2856034,0.5419168,2.031342,206.5706,108.5372,True,False,False,False,False,False,False,False,False,False,False,False,False,False,False,False,False,False,True,False,False,False,False,False,False,False,False,True
215,18,6,4,1,10390,5,99609,-0.2241868,0.5509735,1.757655,211.3486,91.22234,True,False,False,False,True,False,False,False,False,False,False,False,False,False,False,False,False,False,False,False,False,False,False,False,False,False,False,True
215,18,6,4,1,10390,5,99609,-0.2971795,0.5834715,1.540088,187.1421,66.97281,True,False,False,False,False,False,False,False,False,False,False,False,False,False,False,False,False,False,False,False,False,False,False,False,False,True,False,True
215,18,6,4,1,10390,5,99609,-0.3260582,0.5986674,1.504312,178.3693,59.94075,True,False,False,False,False,False,False,False,True,False,False,False,False,False,False,False,False,False,False,False,False,False,False,False,False,False,False,True
215,18,6,4,1,10390,5,99609,-0.4573122,0.01631143,2.083631,177.6393,204.0738,True,False,False,False,False,False,False,False,False,False,False,False,True,False,False,False,False,False,False,False,False,False,False,False,False,False,False,True
215,18,6,4,1,10390,5,99609,-0.4714697,-0.3254044,2.185927,178.9477,261.8204,True,False,False,False,False,False,False,False,False,False,False,False,False,False,True,False,False,False,False,False,False,False,False,False,False,False,False,True
215,18,6,4,1,10390,5,99609,-0.4683167,-0.6528006,2.250322,181.5812,314.0909,True,True,False,False,False,False,False,False,False,False,False,False,False,False,False,False,False,False,False,False,False,False,False,False,False,False,False,True
215,18,6,4,1,10390,5,99609,-0.4905388,-0.7273315,2.175929,175.1441,330.4597,True,False,False,False,False,True,False,False,False,False,False,False,False,False,False,False,False,False,False,False,False,False,False,False,False,False,False,True
215,18,6,4,1,10390,5,99609,-0.2872681,0.02416581,2.123005,208.7251,202.7737,True,False,False,False,False,False,False,False,False,False,False,False,False,True,False,False,False,False,False,False,False,False,False,False,False,False,False,True
215,18,6,4,1,10390,5,99609,-0.2690835,-0.3588576,2.223753,213.9131,266.3377,True,False,False,False,False,False,False,False,False,False,False,False,False,False,False,True,False,False,False,False,False,False,False,False,False,False,False,True
215,18,6,4,1,10390,5,99609,-0.1898587,-0.6494395,2.28974,227.8544,311.5768,True,False,True,False,False,False,False,False,False,False,False,False,False,False,False,False,False,False,False,False,False,False,False,False,False,False,False,True
215,18,6,4,1,10390,5,99609,-0.1643432,-0.7039543,2.223406,231.1572,323.8185,True,False,False,False,False,False,True,False,False,False,False,False,False,False,False,False,False,False,False,False,False,False,False,False,False,False,False,True
215,18,6,4,1,10390,5,99609,-0.4177099,0.5546275,2.045446,183.0421,106.8445,True,False,False,False,False,False,False,False,False,False,False,False,False,False,False,False,False,False,False,False,False,True,False,False,False,False,False,True
215,18,6,4,1,10390,5,99609,-0.3156348,0.6167476,1.46941,179.1106,51.94762,True,False,False,False,False,False,False,False,False,True,False,False,False,False,False,False,False,False,False,False,False,False,False,False,False,False,False,True
215,18,6,4,1,10390,5,99609,-0.3586118,0.6337619,1.475455,168.7253,48.40685,True,False,False,False,False,False,False,False,False,False,False,False,False,False,False,False,False,False,False,False,False,False,True,False,False,False,False,True
215,18,6,4,1,10390,5,99609,-0.3417318,0.6141752,1.464691,172.2899,52.12381,True,False,False,False,False,False,False,False,False,False,True,False,False,False,False,False,False,False,False,False,False,False,False,False,False,False,False,True
215,18,6,4,1,10390,5,99609,-0.3669361,0.5705695,1.502892,168.2439,66.70547,True,False,False,False,False,False,False,False,False,False,False,False,False,False,False,False,False,False,False,False,False,False,False,True,False,False,False,True
215,18,6,4,1,10391,5,99635,-0.377795,-0.002554068,2.147146,193.7352,207.3932,True,False,False,False,False,False,False,False,False,False,False,False,False,False,False,False,False,False,False,True,False,False,False,False,False,False,False,True
215,18,6,4,1,10391,5,99635,-0.401041,0.3097643,2.095562,187.9438,152.5048,True,False,False,False,False,False,False,False,False,False,False,False,False,False,False,False,False,False,False,False,True,False,False,False,False,False,False,True
215,18,6,4,1,10391,5,99635,-0.4211273,0.6110454,2.032878,181.9244,95.93412,True,False,False,False,False,False,False,False,False,False,False,False,False,False,False,False,True,False,False,False,False,False,False,False,False,False,False,True
215,18,6,4,1,10391,5,99635,-0.4205624,0.7294889,2.026199,181.747,73.92818,True,False,False,False,False,False,False,False,False,False,False,True,False,False,False,False,False,False,False,False,False,False,False,False,False,False,False,True
215,18,6,4,1,10391,5,99635,-0.538092,0.4613585,1.995349,158.8481,121.5664,True,False,False,False,False,False,False,False,False,False,False,False,False,False,False,False,False,True,False,False,False,False,False,False,False,False,False,True
215,18,6,4,1,10391,5,99635,-0.4919863,0.4853965,1.729763,153.3518,103.2756,True,False,False,True,False,False,False,False,False,False,False,False,False,False,False,False,False,False,False,False,False,False,False,False,False,False,False,True
215,18,6,4,1,10391,5,99635,-0.3659959,0.5226392,1.537232,170.4681,81.33324,True,False,False,False,False,False,False,False,False,False,False,False,False,False,False,False,False,False,False,False,False,False,False,False,True,False,False,True
215,18,6,4,1,10391,5,99635,-0.3368102,0.5400084,1.509488,175.9955,74.77304,True,False,False,False,False,False,False,True,False,False,False,False,False,False,False,False,False,False,False,False,False,False,False,False,False,False,False,True
215,18,6,4,1,10391,5,99635,-0.280127,0.5159838,2.038298,207.755,113.5966,True,False,False,False,False,False,False,False,False,False,False,False,False,False,False,False,False,False,True,False,False,False,False,False,False,False,False,True
215,18,6,4,1,10391,5,99635,-0.2246795,0.5199823,1.756177,211.22,97.67403,True,False,False,False,True,False,False,False,False,False,False,False,False,False,False,False,False,False,False,False,False,False,False,False,False,False,False,True
215,18,6,4,1,10391,5,99635,-0.3202805,0.5321508,1.517743,180.4685,77.40572,True,False,False,False,False,False,False,False,False,False,False,False,False,False,False,False,False,False,False,False,False,False,False,False,False,True,False,True
215,18,6,4,1,10391,5,99635,-0.3252373,0.5432478,1.507347,178.7151,73.79097,True,False,False,False,False,False,False,False,True,False,False,False,False,False,False,False,False,False,False,False,False,False,False,False,False,False,False,True
215,18,6,4,1,10391,5,99635,-0.4563479,-0.007057955,2.094055,178.2146,208.1966,True,False,False,False,False,False,False,False,False,False,False,False,True,False,False,False,False,False,False,False,False,False,False,False,False,False,False,True
215,18,6,4,1,10391,5,99635,-0.4716078,-0.339157,2.191216,179.1101,264.0056,True,False,False,False,False,False,False,False,False,False,False,False,False,False,True,False,False,False,False,False,False,False,False,False,False,False,False,True
215,18,6,4,1,10391,5,99635,-0.4683312,-0.6530113,2.250476,181.584,314.1183,True,True,False,False,False,False,False,False,False,False,False,False,False,False,False,False,False,False,False,False,False,False,False,False,False,False,False,True
215,18,6,4,1,10391,5,99635,-0.4903993,-0.7273443,2.175799,175.1628,330.4692,True,False,False,False,False,True,False,False,False,False,False,False,False,False,False,False,False,False,False,False,False,False,False,False,False,False,False,True
215,18,6,4,1,10391,5,99635,-0.2871725,0.002171918,2.131954,208.9513,206.5815,True,False,False,False,False,False,False,False,False,False,False,False,False,True,False,False,False,False,False,False,False,False,False,False,False,False,False,True
215,18,6,4,1,10391,5,99635,-0.2692945,-0.3733707,2.230263,214.0028,268.5664,True,False,False,False,False,False,False,False,False,False,False,False,False,False,False,True,False,False,False,False,False,False,False,False,False,False,False,True
215,18,6,4,1,10391,5,99635,-0.1893203,-0.649197,2.290669,227.9538,311.4946,True,False,True,False,False,False,False,False,False,False,False,False,False,False,False,False,False,False,False,False,False,False,False,False,False,False,False,True
215,18,6,4,1,10391,5,99635,-0.164507,-0.7035601,2.223587,231.1323,323.7432,True,False,False,False,False,False,True,False,False,False,False,False,False,False,False,False,False,False,False,False,False,False,False,False,False,False,False,True
215,18,6,4,1,10391,5,99635,-0.4166216,0.5374049,2.050485,183.4344,110.2057,True,False,False,False,False,False,False,False,False,False,False,False,False,False,False,False,False,False,False,False,False,True,False,False,False,False,False,True
215,18,6,4,1,10391,5,99635,-0.3099886,0.5578884,1.470849,180.5707,66.81467,True,False,False,False,False,False,False,False,False,True,False,False,False,False,False,False,False,False,False,False,False,False,False,False,False,False,False,True
215,18,6,4,1,10391,5,99635,-0.3547417,0.5701774,1.475174,169.6071,64.17505,True,False,False,False,False,False,False,False,False,False,False,False,False,False,False,False,False,False,False,False,False,False,True,False,False,False,False,True
215,18,6,4,1,10391,5,99635,-0.3358852,0.5578751,1.463434,173.6448,66.11922,True,False,False,False,False,False,False,False,False,False,True,False,False,False,False,False,False,False,False,False,False,False,False,False,False,False,False,True
215,18,6,4,1,10391,5,99635,-0.3679844,0.5143943,1.515636,168.7298,81.55317,True,False,False,False,False,False,False,False,False,False,False,False,False,False,False,False,False,False,False,False,False,False,False,True,False,False,False,True
215,18,6,4,1,10392,5,99669,-0.3799874,-0.01821493,2.152097,193.5081,210.0683,True,False,False,False,False,False,False,False,False,False,False,False,False,False,False,False,False,False,False,True,False,False,False,False,False,False,False,True
215,18,6,4,1,10392,5,99669,-0.3929879,0.2561991,2.092781,189.2998,161.8818,True,False,False,False,False,False,False,False,False,False,False,False,False,False,False,False,False,False,False,False,True,False,False,False,False,False,False,True
215,18,6,4,1,10392,5,99669,-0.4014561,0.5331017,2.018063,185.0048,109.4403,True,False,False,False,False,False,False,False,False,False,False,False,False,False,False,False,True,False,False,False,False,False,False,False,False,False,False,True
215,18,6,4,1,10392,5,99669,-0.4265142,0.7036707,2.052316,181.6543,80.27408,True,False,False,False,False,False,False,False,False,False,False,True,False,False,False,False,False,False,False,False,False,False,False,False,False,False,False,True
215,18,6,4,1,10392,5,99669,-0.5389765,0.4604755,1.995282,158.681,121.7268,True,False,False,False,False,False,False,False,False,False,False,False,False,False,False,False,False,True,False,False,False,False,False,False,False,False,False,True
215,18,6,4,1,10392,5,99669,-0.4921629,0.4671361,1.743888,154.1726,107.9908,True,False,False,True,False,False,False,False,False,False,False,False,False,False,False,False,False,False,False,False,False,False,False,False,False,False,False,True
215,18,6,4,1,10392,5,99669,-0.3727119,0.467222,1.560354,170.1958,96.33564,True,False,False,False,False,False,False,False,False,False,False,False,False,False,False,False,False,False,False,False,False,False,False,False,True,False,False,True
215,18,6,4,1,10392,5,99669,-0.3270548,0.4874663,1.51361,178.6109,87.97333,True,False,False,False,False,False,False,True,False,False,False,False,False,False,False,False,False,False,False,False,False,False,False,False,False,False,False,True
215,18,6,4,1,10392,5,99669,-0.2803687,0.5117878,2.035743,207.6493,114.2428,True,False,False,False,False,False,False,False,False,False,False,False,False,False,False,False,False,False,True,False,False,False,False,False,False,False,False,True
215,18,6,4,1,10392,5,99669,-0.2239883,0.4735758,1.761583,211.5358,107.7877,True,False,False,False,True,False,False,False,False,False,False,False,False,False,False,False,False,False,False,False,False,False,False,False,False,False,False,True
215,18,6,4,1,10392,5,99669,-0.3012311,0.4796143,1.557287,186.9951,93.20329,True,False,False,False,False,False,False,False,False,False,False,False,False,False,False,False,False,False,False,False,False,False,False,False,False,True,False,True
215,18,6,4,1,10392,5,99669,-0.32177,0.4878756,1.514043,179.9246,87.90936,True,False,False,False,False,False,False,False,True,False,False,False,False,False,False,False,False,False,False,False,False,False,False,False,False,False,False,True
215,18,6,4,1,10392,5,99669,-0.4581646,-0.02213923,2.10084,178.1545,210.8353,True,False,False,False,False,False,False,False,False,False,False,False,True,False,False,False,False,False,False,False,False,False,False,False,False,False,False,True
215,18,6,4,1,10392,5,99669,-0.4686672,-0.3647392,2.203361,180.0304,267.9776,True,False,False,False,False,False,False,False,False,False,False,False,False,False,True,False,False,False,False,False,False,False,False,False,False,False,False,True
215,18,6,4,1,10392,5,99669,-0.468466,-0.6539148,2.251049,181.5812,314.2397,True,True,False,False,False,False,False,False,False,False,False,False,False,False,False,False,False,False,False,False,False,False,False,False,False,False,False,True
215,18,6,4,1,10392,5,99669,-0.4903451,-0.7274415,2.175473,175.1595,330.5043,True,False,False,False,False,True,False,False,False,False,False,False,False,False,False,False,False,False,False,False,False,False,False,False,False,False,False,True
215,18,6,4,1,10392,5,99669,-0.2897824,-0.01394886,2.135224,208.5768,209.356,True,False,False,False,False,False,False,False,False,False,False,False,False,True,False,False,False,False,False,False,False,False,False,False,False,False,False,True
215,18,6,4,1,10392,5,99669,-0.2692687,-0.3778359,2.23182,214.0364,269.2621,True,False,False,False,False,False,False,False,False,False,False,False,False,False,False,True,False,False,False,False,False,False,False,False,False,False,False,True
215,18,6,4,1,10392,5,99669,-0.1913582,-0.6467437,2.286805,227.5737,311.2748,True,False,True,False,False,False,False,False,False,False,False,False,False,False,False,False,False,False,False,False,False,False,False,False,False,False,False,True
215,18,6,4,1,10392,5,99669,-0.1649998,-0.7029138,2.223939,231.055,323.6168,True,False,False,False,False,False,True,False,False,False,False,False,False,False,False,False,False,False,False,False,False,False,False,False,False,False,False,True
215,18,6,4,1,10392,5,99669,-0.3998145,0.4653002,2.038782,186.0945,122.7613,True,False,False,False,False,False,False,False,False,False,False,False,False,False,False,False,False,False,False,False,False,True,False,False,False,False,False,True
215,18,6,4,1,10392,5,99669,-0.3026139,0.5010782,1.485688,183.185,82.34671,True,False,False,False,False,False,False,False,False,True,False,False,False,False,False,False,False,False,False,False,False,False,False,False,False,False,False,True
215,18,6,4,1,10392,5,99669,-0.3505073,0.50764,1.483833,171.1591,80.54736,True,False,False,False,False,False,False,False,False,False,False,False,False,False,False,False,False,False,False,False,False,False,True,False,False,False,False,True
215,18,6,4,1,10392,5,99669,-0.3327458,0.4982716,1.476564,175.1756,82.27177,True,False,False,False,False,False,False,False,False,False,True,False,False,False,False,False,False,False,False,False,False,False,False,False,False,False,False,True
215,18,6,4,1,10392,5,99669,-0.3655227,0.4609123,1.527592,170.0403,95.48708,True,False,False,False,False,False,False,False,False,False,False,False,False,False,False,False,False,False,False,False,False,False,False,True,False,False,False,True
215,18,6,4,1,10393,5,99701,-0.3797122,-0.01952666,2.153334,193.5928,210.2905,True,False,False,False,False,False,False,False,False,False,False,False,False,False,False,False,False,False,False,True,False,False,False,False,False,False,False,True
215,18,6,4,1,10393,5,99701,-0.397389,0.2807611,2.096105,188.6217,157.6284,True,False,False,False,False,False,False,False,False,False,False,False,False,False,False,False,False,False,False,False,True,False,False,False,False,False,False,True
215,18,6,4,1,10393,5,99701,-0.4169896,0.5973466,2.024912,182.3837,98.00414,True,False,False,False,False,False,False,False,False,False,False,False,False,False,False,False,True,False,False,False,False,False,False,False,False,False,False,True
215,18,6,4,1,10393,5,99701,-0.434501,0.7685557,2.047502,180.032,68.26646,True,False,False,False,False,False,False,False,False,False,False,True,False,False,False,False,False,False,False,False,False,False,False,False,False,False,False,True
215,18,6,4,1,10393,5,99701,-0.5389556,0.4631009,1.993949,158.6165,121.1822,True,False,False,False,False,False,False,False,False,False,False,False,False,False,False,False,False,True,False,False,False,False,False,False,False,False,False,True
215,18,6,4,1,10393,5,99701,-0.4802508,0.4178257,1.723033,155.4853,117.384,True,False,False,True,False,False,False,False,False,False,False,False,False,False,False,False,False,False,False,False,False,False,False,False,False,False,False,True
215,18,6,4,1,10393,5,99701,-0.3569196,0.4151782,1.542086,172.9634,107.5277,True,False,False,False,False,False,False,False,False,False,False,False,False,False,False,False,False,False,False,False,False,False,False,False,True,False,False,True
215,18,6,4,1,10393,5,99701,-0.3250251,0.4294607,1.526202,179.7942,103.0404,True,False,False,False,False,False,False,True,False,False,False,False,False,False,False,False,False,False,False,False,False,False,False,False,False,False,False,True
215,18,6,4,1,10393,5,99701,-0.2775786,0.5235208,2.031883,208.0532,111.9256,True,False,False,False,False,False,False,False,False,False,False,False,False,False,False,False,False,False,True,False,False,False,False,False,False,False,False,True
215,18,6,4,1,10393,5,99701,-0.2227041,0.4461221,1.759715,211.771,113.469,True,False,False,False,True,False,False,False,False,False,False,False,False,False,False,False,False,False,False,False,False,False,False,False,False,False,False,True
215,18,6,4,1,10393,5,99701,-0.3003878,0.4233483,1.556555,187.197,106.5508,True,False,False,False,False,False,False,False,False,False,False,False,False,False,False,False,False,False,False,False,False,False,False,False,False,True,False,True
215,18,6,4,1,10393,5,99701,-0.3170152,0.4312041,1.52615,181.7324,102.6186,True,False,False,False,False,False,False,False,True,False,False,False,False,False,False,False,False,False,False,False,False,False,False,False,False,False,False,True
215,18,6,4,1,10393,5,99701,-0.4574094,-0.02362719,2.102466,178.3499,211.0928,True,False,False,False,False,False,False,False,False,False,False,False,True,False,False,False,False,False,False,False,False,False,False,False,False,False,False,True
215,18,6,4,1,10393,5,99701,-0.4679292,-0.3655336,2.203679,180.1653,268.1015,True,False,False,False,False,False,False,False,False,False,False,False,False,False,True,False,False,False,False,False,False,False,False,False,False,False,False,True
215,18,6,4,1,10393,5,99701,-0.4685156,-0.6539273,2.251103,181.5749,314.2392,True,True,False,False,False,False,False,False,False,False,False,False,False,False,False,False,False,False,False,False,False,False,False,False,False,False,False,True
215,18,6,4,1,10393,5,99701,-0.4903216,-0.7274071,2.175409,175.1611,330.502,True,False,False,False,False,True,False,False,False,False,False,False,False,False,False,False,False,False,False,False,False,False,False,False,False,False,False,True
215,18,6,4,1,10393,5,99701,-0.2898972,-0.0150378,2.136138,208.5784,209.5422,True,False,False,False,False,False,False,False,False,False,False,False,False,True,False,False,False,False,False,False,False,False,False,False,False,False,False,True
215,18,6,4,1,10393,5,99701,-0.264746,-0.3891485,2.23554,214.8518,271.0252,True,False,False,False,False,False,False,False,False,False,False,False,False,False,False,True,False,False,False,False,False,False,False,False,False,False,False,True
215,18,6,4,1,10393,5,99701,-0.1912074,-0.6473172,2.287981,227.6139,311.3138,True,False,True,False,False,False,False,False,False,False,False,False,False,False,False,False,False,False,False,False,False,False,False,False,False,False,False,True
215,18,6,4,1,10393,5,99701,-0.1650787,-0.7028242,2.223958,231.0421,323.6008,True,False,False,False,False,False,True,False,False,False,False,False,False,False,False,False,False,False,False,False,False,False,False,False,False,False,False,True
215,18,6,4,1,10393,5,99701,-0.413081,0.5224652,2.045072,183.8837,112.6574,True,False,False,False,False,False,False,False,False,False,False,False,False,False,False,False,False,False,False,False,False,True,False,False,False,False,False,True
215,18,6,4,1,10393,5,99701,-0.2994212,0.4370948,1.498479,184.6483,99.23528,True,False,False,False,False,False,False,False,False,True,False,False,False,False,False,False,False,False,False,False,False,False,False,False,False,False,False,True
215,18,6,4,1,10393,5,99701,-0.339316,0.4562567,1.482375,173.8762,93.24873,True,False,False,False,False,False,False,False,False,False,False,False,False,False,False,False,False,False,False,False,False,False,True,False,False,False,False,True
215,18,6,4,1,10393,5,99701,-0.3316862,0.437907,1.484608,175.914,98.00178,True,False,False,False,False,False,False,False,False,False,True,False,False,False,False,False,False,False,False,False,False,False,False,False,False,False,False,True
215,18,6,4,1,10393,5,99701,-0.3629362,0.4124776,1.537952,171.2861,107.9056,True,False,False,False,False,False,False,False,False,False,False,False,False,False,False,False,False,False,False,False,False,False,False,True,False,False,False,True
215,18,6,4,1,10394,5,99737,-0.3803028,-0.01690508,2.153029,193.4823,209.8432,True,False,False,False,False,False,False,False,False,False,False,False,False,False,False,False,False,False,False,True,False,False,False,False,False,False,False,True
215,18,6,4,1,10394,5,99737,-0.4085679,0.3209297,2.102532,186.8489,150.7213,True,False,False,False,False,False,False,False,False,False,False,False,False,False,False,False,False,False,False,False,True,False,False,False,False,False,False,True
215,18,6,4,1,10394,5,99737,-0.4339767,0.6469561,2.043098,179.9695,89.97556,True,False,False,False,False,False,False,False,False,False,False,False,False,False,False,False,True,False,False,False,False,False,False,False,False,False,False,True
215,18,6,4,1,10394,5,99737,-0.4364545,0.7708986,2.045934,179.6197,67.73824,True,False,False,False,False,False,False,False,False,False,False,True,False,False,False,False,False,False,False,False,False,False,False,False,False,False,False,True
215,18,6,4,1,10394,5,99737,-0.5433745,0.5061553,1.986428,157.3936,112.8311,True,False,False,False,False,False,False,False,False,False,False,False,False,False,False,False,False,True,False,False,False,False,False,False,False,False,False,True
215,18,6,4,1,10394,5,99737,-0.4704884,0.3941093,1.719791,157.4054,122.3235,True,False,False,True,False,False,False,False,False,False,False,False,False,False,False,False,False,False,False,False,False,False,False,False,False,False,False,True
215,18,6,4,1,10394,5,99737,-0.3430517,0.3511559,1.546866,176.5955,123.1782,True,False,False,False,False,False,False,False,False,False,False,False,False,False,False,False,False,False,False,False,False,False,False,False,True,False,False,True
215,18,6,4,1,10394,5,99737,-0.3209614,0.3725509,1.543082,181.6758,117.8534,True,False,False,False,False,False,False,True,False,False,False,False,False,False,False,False,False,False,False,False,False,False,False,False,False,False,False,True
215,18,6,4,1,10394,5,99737,-0.2736998,0.5395957,2.028756,208.6729,108.8413,True,False,False,False,False,False,False,False,False,False,False,False,False,False,False,False,False,False,True,False,False,False,False,False,False,False,False,True
215,18,6,4,1,10394,5,99737,-0.2144409,0.4147336,1.788032,214.2392,121.4712,True,False,False,False,True,False,False,False,False,False,False,False,False,False,False,False,False,False,False,False,False,False,False,False,False,False,False,True
215,18,6,4,1,10394,5,99737,-0.3121812,0.3446124,1.545805,183.9368,124.7132,True,False,False,False,False,False,False,False,False,False,False,False,False,False,False,False,False,False,False,False,False,False,False,False,False,True,False,True
215,18,6,4,1,10394,5,99737,-0.3139267,0.372556,1.543284,183.373,117.8696,True,False,False,False,False,False,False,False,True,False,False,False,False,False,False,False,False,False,False,False,False,False,False,False,False,False,False,True
215,18,6,4,1,10394,5,99737,-0.4573664,-0.01978392,2.102582,178.3621,210.4196,True,False,False,False,False,False,False,False,False,False,False,False,True,False,False,False,False,False,False,False,False,False,False,False,False,False,False,True
215,18,6,4,1,10394,5,99737,-0.468342,-0.366205,2.203906,180.1038,268.208,True,False,False,False,False,False,False,False,False,False,False,False,False,False,True,False,False,False,False,False,False,False,False,False,False,False,False,True
215,18,6,4,1,10394,5,99737,-0.4682964,-0.6534117,2.250819,181.6014,314.1678,True,True,False,False,False,False,False,False,False,False,False,False,False,False,False,False,False,False,False,False,False,False,False,False,False,False,False,True
215,18,6,4,1,10394,5,99737,-0.4903332,-0.7273687,2.17542,175.1595,330.4949,True,False,False,False,False,True,False,False,False,False,False,False,False,False,False,False,False,False,False,False,False,False,False,False,False,False,False,True
215,18,6,4,1,10394,5,99737,-0.2910281,-0.0131691,2.13546,208.3675,209.2216,True,False,False,False,False,False,False,False,False,False,False,False,False,True,False,False,False,False,False,False,False,False,False,False,False,False,False,True
215,18,6,4,1,10394,5,99737,-0.2636509,-0.3910356,2.235908,215.0388,271.326,True,False,False,False,False,False,False,False,False,False,False,False,False,False,False,True,False,False,False,False,False,False,False,False,False,False,False,True
215,18,6,4,1,10394,5,99737,-0.1902961,-0.6474075,2.289487,227.7812,311.2591,True,False,True,False,False,False,False,False,False,False,False,False,False,False,False,False,False,False,False,False,False,False,False,False,False,False,False,True
215,18,6,4,1,10394,5,99737,-0.1651737,-0.7028107,2.223748,231.0238,323.6097,True,False,False,False,False,False,True,False,False,False,False,False,False,False,False,False,False,False,False,False,False,False,False,False,False,False,False,True
215,18,6,4,1,10394,5,99737,-0.4283048,0.5677502,2.059942,181.6659,105.1865,True,False,False,False,False,False,False,False,False,False,False,False,False,False,False,False,False,False,False,False,False,True,False,False,False,False,False,True
215,18,6,4,1,10394,5,99737,-0.2907362,0.3672467,1.516631,187.7071,117.6093,True,False,False,False,False,False,False,False,False,True,False,False,False,False,False,False,False,False,False,False,False,False,False,False,False,False,False,True
215,18,6,4,1,10394,5,99737,-0.3120309,0.4172845,1.532417,183.2608,106.4179,True,False,False,False,False,False,False,False,False,False,False,False,False,False,False,False,False,False,False,False,False,False,True,False,False,False,False,True
215,18,6,4,1,10394,5,99737,-0.3248094,0.36275,1.509033,178.9961,118.2325,True,False,False,False,False,False,False,False,False,False,True,False,False,False,False,False,False,False,False,False,False,False,False,False,False,False,False,True
215,18,6,4,1,10394,5,99737,-0.3618892,0.3568172,1.556929,172.6433,122.3619,True,False,False,False,False,False,False,False,False,False,False,False,False,False,False,False,False,False,False,False,False,False,False,True,False,False,False,True
215,18,6,4,1,10395,5,99770,-0.3845329,-0.002755028,2.151274,192.7031,207.4268,True,False,False,False,False,False,False,False,False,False,False,False,False,False,False,False,False,False,False,True,False,False,False,False,False,False,False,True
215,18,6,4,1,10395,5,99770,-0.4087834,0.321036,2.102877,186.8227,150.7118,True,False,False,False,False,False,False,False,False,False,False,False,False,False,False,False,False,False,False,False,True,False,False,False,False,False,False,True
215,18,6,4,1,10395,5,99770,-0.432247,0.6353467,2.047293,180.4472,92.31718,True,False,False,False,False,False,False,False,False,False,False,False,False,False,False,False,True,False,False,False,False,False,False,False,False,False,False,True
215,18,6,4,1,10395,5,99770,-0.4369445,0.765254,2.047333,179.5842,68.85039,True,False,False,False,False,False,False,False,False,False,False,True,False,False,False,False,False,False,False,False,False,False,False,False,False,False,False,True
215,18,6,4,1,10395,5,99770,-0.5489627,0.5248148,1.980365,156.0317,109.0526,True,False,False,False,False,False,False,False,False,False,False,False,False,False,False,False,False,True,False,False,False,False,False,False,False,False,False,True
215,18,6,4,1,10395,5,99770,-0.4764838,0.3575316,1.744681,157.6031,131.2927,True,False,False,True,False,False,False,False,False,False,False,False,False,False,False,False,False,False,False,False,False,False,False,False,False,False,False,True
215,18,6,4,1,10395,5,99770,-0.3386203,0.3058142,1.58271,179.5349,135.6955,True,False,False,False,False,False,False,False,False,False,False,False,False,False,False,False,False,False,False,False,False,False,False,False,True,False,False,True
215,18,6,4,1,10395,5,99770,-0.3229053,0.3191842,1.569049,182.5397,131.9306,True,False,False,False,False,False,False,True,False,False,False,False,False,False,False,False,False,False,False,False,False,False,False,False,False,False,False,True
215,18,6,4,1,10395,5,99770,-0.2710217,0.5417131,2.02829,209.1481,108.4328,True,False,False,False,False,False,False,False,False,False,False,False,False,False,False,False,False,False,True,False,False,False,False,False,False,False,False,True
215,18,6,4,1,10395,5,99770,-0.1910501,0.3565109,1.906029,221.5457,138.1096,True,False,False,False,True,False,False,False,False,False,False,False,False,False,False,False,False,False,False,False,False,False,False,False,False,False,False,True
215,18,6,4,1,10395,5,99770,-0.274133,0.319162,1.635891,196.6868,135.0595,True,False,False,False,False,False,False,False,False,False,False,False,False,False,False,False,False,False,False,False,False,False,False,False,False,True,False,True
215,18,6,4,1,10395,5,99770,-0.3138906,0.3191751,1.564891,184.4686,131.7394,True,False,False,False,False,False,False,False,True,False,False,False,False,False,False,False,False,False,False,False,False,False,False,False,False,False,False,True
215,18,6,4,1,10395,5,99770,-0.4591534,0.0006804492,2.101392,178.002,206.8366,True,False,False,False,False,False,False,False,False,False,False,False,True,False,False,False,False,False,False,False,False,False,False,False,False,False,False,True
215,18,6,4,1,10395,5,99770,-0.4688572,-0.3662729,2.203655,180.0082,268.2267,True,False,False,False,False,False,False,False,False,False,False,False,False,False,True,False,False,False,False,False,False,False,False,False,False,False,False,True
215,18,6,4,1,10395,5,99770,-0.4682138,-0.6533218,2.25091,181.6181,314.1487,True,True,False,False,False,False,False,False,False,False,False,False,False,False,False,False,False,False,False,False,False,False,False,False,False,False,False,True
215,18,6,4,1,10395,5,99770,-0.4901491,-0.7270774,2.175627,175.1988,330.4336,True,False,False,False,False,True,False,False,False,False,False,False,False,False,False,False,False,False,False,False,False,False,False,False,False,False,False,True
215,18,6,4,1,10395,5,99770,-0.297049,-0.004082162,2.13322,207.2749,207.6589,True,False,False,False,False,False,False,False,False,False,False,False,False,True,False,False,False,False,False,False,False,False,False,False,False,False,False,True
215,18,6,4,1,10395,5,99770,-0.2635191,-0.3916458,2.236065,215.0634,271.4222,True,False,False,False,False,False,False,False,False,False,False,False,False,False,False,True,False,False,False,False,False,False,False,False,False,False,False,True
215,18,6,4,1,10395,5,99770,-0.1902473,-0.6471941,2.290365,227.8009,311.1842,True,False,True,False,False,False,False,False,False,False,False,False,False,False,False,False,False,False,False,False,False,False,False,False,False,False,False,True
215,18,6,4,1,10395,5,99770,-0.165348,-0.7030076,2.223195,230.9879,323.6718,True,False,False,False,False,False,True,False,False,False,False,False,False,False,False,False,False,False,False,False,False,False,False,False,False,False,False,True
215,18,6,4,1,10395,5,99770,-0.4274611,0.5608501,2.06273,181.9252,106.5652,True,False,False,False,False,False,False,False,False,False,False,False,False,False,False,False,False,False,False,False,False,True,False,False,False,False,False,True
215,18,6,4,1,10395,5,99770,-0.2916727,0.3107854,1.540586,188.6363,132.5784,True,False,False,False,False,False,False,False,False,True,False,False,False,False,False,False,False,False,False,False,False,False,False,False,False,False,False,True
215,18,6,4,1,10395,5,99770,-0.3106177,0.3665085,1.558111,184.8829,120.1637,True,False,False,False,False,False,False,False,False,False,False,False,False,False,False,False,False,False,False,False,False,False,True,False,False,False,False,True
215,18,6,4,1,10395,5,99770,-0.3229316,0.3152504,1.532891,180.7336,131.0981,True,False,False,False,False,False,False,False,False,False,True,False,False,False,False,False,False,False,False,False,False,False,False,False,False,False,False,True
215,18,6,4,1,10395,5,99770,-0.3615489,0.3133098,1.581077,174.0766,133.8488,True,False,False,False,False,False,False,False,False,False,False,False,False,False,False,False,False,False,False,False,False,False,False,True,False,False,False,True
215,18,6,4,1,10396,5,99803,-0.3854698,0.003711277,2.149365,192.4835,206.3208,True,False,False,False,False,False,False,False,False,False,False,False,False,False,False,False,False,False,False,True,False,False,False,False,False,False,False,True
215,18,6,4,1,10396,5,99803,-0.4090835,0.3214162,2.10308,186.7767,150.6504,True,False,False,False,False,False,False,False,False,False,False,False,False,False,False,False,False,False,False,False,True,False,False,False,False,False,False,True
215,18,6,4,1,10396,5,99803,-0.4324944,0.6322908,2.048642,180.4552,92.94553,True,False,False,False,False,False,False,False,False,False,False,False,False,False,False,False,True,False,False,False,False,False,False,False,False,False,False,True
215,18,6,4,1,10396,5,99803,-0.4370846,0.7638848,2.047124,179.5508,69.08316,True,False,False,False,False,False,False,False,False,False,False,True,False,False,False,False,False,False,False,False,False,False,False,False,False,False,False,True
215,18,6,4,1,10396,5,99803,-0.5489685,0.523573,1.980134,156.019,109.2732,True,False,False,False,False,False,False,False,False,False,False,False,False,False,False,False,False,True,False,False,False,False,False,False,False,False,False,True
215,18,6,4,1,10396,5,99803,-0.525303,0.3344505,1.789635,150.052,137.9475,True,False,False,True,False,False,False,False,False,False,False,False,False,False,False,False,False,False,False,False,False,False,False,False,False,False,False,True
215,18,6,4,1,10396,5,99803,-0.3760752,0.2650318,1.645761,174.1826,147.5773,True,False,False,False,False,False,False,False,False,False,False,False,False,False,False,False,False,False,False,False,False,False,False,False,True,False,False,True
215,18,6,4,1,10396,5,99803,-0.3194759,0.267607,1.594192,184.5821,145.0895,True,False,False,False,False,False,False,True,False,False,False,False,False,False,False,False,False,False,False,False,False,False,False,False,False,False,False,True
215,18,6,4,1,10396,5,99803,-0.2700513,0.5403222,2.028329,209.3264,108.6896,True,False,False,False,False,False,False,False,False,False,False,False,False,False,False,False,False,False,True,False,False,False,False,False,False,False,False,True
215,18,6,4,1,10396,5,99803,-0.1843747,0.3278885,1.915251,223.0207,143.9674,True,False,False,False,True,False,False,False,False,False,False,False,False,False,False,False,False,False,False,False,False,False,False,False,False,False,False,True
215,18,6,4,1,10396,5,99803,-0.2738677,0.2679302,1.653597,197.448,147.2865,True,False,False,False,False,False,False,False,False,False,False,False,False,False,False,False,False,False,False,False,False,False,False,False,False,True,False,True
215,18,6,4,1,10396,5,99803,-0.3117511,0.2680051,1.594313,186.38,145.0079,True,False,False,False,False,False,False,False,True,False,False,False,False,False,False,False,False,False,False,False,False,False,False,False,False,False,False,True
215,18,6,4,1,10396,5,99803,-0.4593514,0.00709796,2.099422,177.8912,205.7112,True,False,False,False,False,False,False,False,False,False,False,False,True,False,False,False,False,False,False,False,False,False,False,False,False,False,False,True
215,18,6,4,1,10396,5,99803,-0.4689979,-0.3656489,2.203143,179.9665,268.1364,True,False,False,False,False,False,False,False,False,False,False,False,False,False,True,False,False,False,False,False,False,False,False,False,False,False,False,True
215,18,6,4,1,10396,5,99803,-0.4684865,-0.6535389,2.250696,181.5658,314.1947,True,True,False,False,False,False,False,False,False,False,False,False,False,False,False,False,False,False,False,False,False,False,False,False,False,False,False,True
215,18,6,4,1,10396,5,99803,-0.4901815,-0.7270764,2.175556,175.1906,330.4374,True,False,False,False,False,True,False,False,False,False,False,False,False,False,False,False,False,False,False,False,False,False,False,False,False,False,False,True
215,18,6,4,1,10396,5,99803,-0.2987918,0.001090482,2.13144,206.9307,206.7678,True,False,False,False,False,False,False,False,False,False,False,False,False,True,False,False,False,False,False,False,False,False,False,False,False,False,False,True
215,18,6,4,1,10396,5,99803,-0.263383,-0.3913862,2.236013,215.0849,271.3807,True,False,False,False,False,False,False,False,False,False,False,False,False,False,False,True,False,False,False,False,False,False,False,False,False,False,False,True
215,18,6,4,1,10396,5,99803,-0.1897619,-0.648821,2.291066,227.8881,311.4156,True,False,True,False,False,False,False,False,False,False,False,False,False,False,False,False,False,False,False,False,False,False,False,False,False,False,False,True
215,18,6,4,1,10396,5,99803,-0.1653204,-0.7030181,2.222799,230.9875,323.6945,True,False,False,False,False,False,True,False,False,False,False,False,False,False,False,False,False,False,False,False,False,False,False,False,False,False,False,True
215,18,6,4,1,10396,5,99803,-0.4276659,0.5584627,2.063838,181.9311,107.048,True,False,False,False,False,False,False,False,False,False,False,False,False,False,False,False,False,False,False,False,False,True,False,False,False,False,False,True
215,18,6,4,1,10396,5,99803,-0.286942,0.2582541,1.571179,191.1593,146.4021,True,False,False,False,False,False,False,False,False,True,False,False,False,False,False,False,False,False,False,False,False,False,False,False,False,False,False,True
215,18,6,4,1,10396,5,99803,-0.309556,0.3187664,1.590846,186.6922,133.0736,True,False,False,False,False,False,False,False,False,False,False,False,False,False,False,False,False,False,False,False,False,False,True,False,False,False,False,True
215,18,6,4,1,10396,5,99803,-0.3203781,0.2606577,1.561436,182.8137,145.427,True,False,False,False,False,False,False,False,False,False,True,False,False,False,False,False,False,False,False,False,False,False,False,False,False,False,False,True
215,18,6,4,1,10396,5,99803,-0.3547013,0.2467689,1.602934,176.8686,150.2061,True,False,False,False,False,False,False,False,False,False,False,False,False,False,False,False,False,False,False,False,False,False,False,True,False,False,False,True
215,18,6,4,1,10397,5,99835,-0.388437,0.01054377,2.145714,191.8598,205.1485,True,False,False,False,False,False,False,False,False,False,False,False,False,False,False,False,False,False,False,True,False,False,False,False,False,False,False,True
215,18,6,4,1,10397,5,99835,-0.4105499,0.3228877,2.102453,186.4964,150.3741,True,False,False,False,False,False,False,False,False,False,False,False,False,False,False,False,False,False,False,False,True,False,False,False,False,False,False,True
215,18,6,4,1,10397,5,99835,-0.4331134,0.6312242,2.04864,180.3438,93.13806,True,False,False,False,False,False,False,False,False,False,False,False,False,False,False,False,True,False,False,False,False,False,False,False,False,False,False,True
215,18,6,4,1,10397,5,99835,-0.4366381,0.7626188,2.046796,179.6185,69.28928,True,False,False,False,False,False,False,False,False,False,False,True,False,False,False,False,False,False,False,False,False,False,False,False,False,False,False,True
215,18,6,4,1,10397,5,99835,-0.5500633,0.5193802,1.976844,155.6444,109.8946,True,False,False,False,False,False,False,False,False,False,False,False,False,False,False,False,False,True,False,False,False,False,False,False,False,False,False,True
215,18,6,4,1,10397,5,99835,-0.5165377,0.3493819,1.836507,154.5959,136.7167,True,False,False,True,False,False,False,False,False,False,False,False,False,False,False,False,False,False,False,False,False,False,False,False,False,False,False,True
215,18,6,4,1,10397,5,99835,-0.3915436,0.2452265,1.680492,172.54,153.1563,True,False,False,False,False,False,False,False,False,False,False,False,False,False,False,False,False,False,False,False,False,False,False,False,True,False,False,True
215,18,6,4,1,10397,5,99835,-0.3254144,0.2244902,1.625306,184.6844,156.0751,True,False,False,False,False,False,False,True,False,False,False,False,False,False,False,False,False,False,False,False,False,False,False,False,False,False,False,True
215,18,6,4,1,10397,5,99835,-0.2635393,0.5339661,2.029057,210.5329,109.8903,True,False,False,False,False,False,False,False,False,False,False,False,False,False,False,False,False,False,True,False,False,False,False,False,False,False,False,True
215,18,6,4,1,10397,5,99835,-0.1847516,0.3314829,1.916873,222.9769,143.3283,True,False,False,False,True,False,False,False,False,False,False,False,False,False,False,False,False,False,False,False,False,False,False,False,False,False,False,True
215,18,6,4,1,10397,5,99835,-0.2599646,0.2552171,1.726224,203.0102,152.5386,True,False,False,False,False,False,False,False,False,False,False,False,False,False,False,False,False,False,False,False,False,False,False,False,False,True,False,True
215,18,6,4,1,10397,5,99835,-0.3134406,0.2236188,1.621328,187.2347,156.1559,True,False,False,False,False,False,False,False,True,False,False,False,False,False,False,False,False,False,False,False,False,False,False,False,False,False,False,True
215,18,6,4,1,10397,5,99835,-0.4618782,0.01195744,2.096304,177.3243,204.8558,True,False,False,False,False,False,False,False,False,False,False,False,True,False,False,False,False,False,False,False,False,False,False,False,False,False,False,True
215,18,6,4,1,10397,5,99835,-0.4691346,-0.3652464,2.202996,179.9385,268.0731,True,False,False,False,False,False,False,False,False,False,False,False,False,False,True,False,False,False,False,False,False,False,False,False,False,False,False,True
215,18,6,4,1,10397,5,99835,-0.4687171,-0.6537634,2.250842,181.5328,314.2248,True,True,False,False,False,False,False,False,False,False,False,False,False,False,False,False,False,False,False,False,False,False,False,False,False,False,False,True
215,18,6,4,1,10397,5,99835,-0.490128,-0.7271199,2.175477,175.1966,330.4493,True,False,False,False,False,True,False,False,False,False,False,False,False,False,False,False,False,False,False,False,False,False,False,False,False,False,False,True
215,18,6,4,1,10397,5,99835,-0.3023055,0.009459934,2.127187,206.2186,205.3217,True,False,False,False,False,False,False,False,False,False,False,False,False,True,False,False,False,False,False,False,False,False,False,False,False,False,False,True
215,18,6,4,1,10397,5,99835,-0.2639913,-0.3907372,2.235336,214.9716,271.2933,True,False,False,False,False,False,False,False,False,False,False,False,False,False,False,True,False,False,False,False,False,False,False,False,False,False,False,True
215,18,6,4,1,10397,5,99835,-0.1890862,-0.6506935,2.289552,227.9761,311.7885,True,False,True,False,False,False,False,False,False,False,False,False,False,False,False,False,False,False,False,False,False,False,False,False,False,False,False,True
215,18,6,4,1,10397,5,99835,-0.1649516,-0.7045761,2.221245,231.0292,324.0371,True,False,False,False,False,False,True,False,False,False,False,False,False,False,False,False,False,False,False,False,False,False,False,False,False,False,False,True
215,18,6,4,1,10397,5,99835,-0.4282582,0.5576764,2.063783,181.8233,107.1863,True,False,False,False,False,False,False,False,False,False,False,False,False,False,False,False,False,False,False,False,False,True,False,False,False,False,False,True
215,18,6,4,1,10397,5,99835,-0.2940387,0.2067384,1.594926,190.5583,159.2285,True,False,False,False,False,False,False,False,False,True,False,False,False,False,False,False,False,False,False,False,False,False,False,False,False,False,False,True
215,18,6,4,1,10397,5,99835,-0.3115844,0.2637112,1.603915,186.856,146.3706,True,False,False,False,False,False,False,False,False,False,False,False,False,False,False,False,False,False,False,False,False,False,True,False,False,False,False,True
215,18,6,4,1,10397,5,99835,-0.3221088,0.2088818,1.59258,183.9377,158.6426,True,False,False,False,False,False,False,False,False,False,True,False,False,False,False,False,False,False,False,False,False,False,False,False,False,False,False,True
215,18,6,4,1,10397,5,99835,-0.3526725,0.2040385,1.629706,178.7079,160.8271,True,False,False,False,False,False,False,False,False,False,False,False,False,False,False,False,False,False,False,False,False,False,False,True,False,False,False,True
215,18,6,4,1,10398,5,99869,-0.3898338,0.01238644,2.144732,191.5886,204.8317,True,False,False,False,False,False,False,False,False,False,False,False,False,False,False,False,False,False,False,True,False,False,False,False,False,False,False,True
215,18,6,4,1,10398,5,99869,-0.4115418,0.3237839,2.102222,186.3134,150.2099,True,False,False,False,False,False,False,False,False,False,False,False,False,False,False,False,False,False,False,False,True,False,False,False,False,False,False,True
215,18,6,4,1,10398,5,99869,-0.4333444,0.6308022,2.048733,180.3058,93.21951,True,False,False,False,False,False,False,False,False,False,False,False,False,False,False,False,True,False,False,False,False,False,False,False,False,False,False,True
215,18,6,4,1,10398,5,99869,-0.4362396,0.7618052,2.046272,179.6702,69.40074,True,False,False,False,False,False,False,False,False,False,False,True,False,False,False,False,False,False,False,False,False,False,False,False,False,False,False,True
215,18,6,4,1,10398,5,99869,-0.5509174,0.5172437,1.975526,155.4162,110.2295,True,False,False,False,False,False,False,False,False,False,False,False,False,False,False,False,False,True,False,False,False,False,False,False,False,False,False,True
215,18,6,4,1,10398,5,99869,-0.516028,0.3417834,1.842899,155.0652,138.4873,True,False,False,True,False,False,False,False,False,False,False,False,False,False,False,False,False,False,False,False,False,False,False,False,False,False,False,True
215,18,6,4,1,10398,5,99869,-0.3759034,0.1959891,1.693544,176.6587,164.3168,True,False,False,False,False,False,False,False,False,False,False,False,False,False,False,False,False,False,False,False,False,False,False,False,True,False,False,True
215,18,6,4,1,10398,5,99869,-0.3290372,0.189117,1.655646,185.257,164.8934,True,False,False,False,False,False,False,True,False,False,False,False,False,False,False,False,False,False,False,False,False,False,False,False,False,False,False,True
215,18,6,4,1,10398,5,99869,-0.2591898,0.5303853,2.031808,211.3906,110.6786,True,False,False,False,False,False,False,False,False,False,False,False,False,False,False,False,False,False,True,False,False,False,False,False,False,False,False,True
215,18,6,4,1,10398,5,99869,-0.1852017,0.3313864,1.919906,222.9468,143.4477,True,False,False,False,True,False,False,False,False,False,False,False,False,False,False,False,False,False,False,False,False,False,False,False,False,False,False,True
215,18,6,4,1,10398,5,99869,-0.2728171,0.2199293,1.754234,201.2152,160.8248,True,False,False,False,False,False,False,False,False,False,False,False,False,False,False,False,False,False,False,False,False,False,False,False,False,True,False,True
215,18,6,4,1,10398,5,99869,-0.3179059,0.1880967,1.653906,187.6693,165.0829,True,False,False,False,False,False,False,False,True,False,False,False,False,False,False,False,False,False,False,False,False,False,False,False,False,False,False,True
215,18,6,4,1,10398,5,99869,-0.4628535,0.01358915,2.095005,177.1013,204.5677,True,False,False,False,False,False,False,False,False,False,False,False,True,False,False,False,False,False,False,False,False,False,False,False,False,False,False,True
215,18,6,4,1,10398,5,99869,-0.4687509,-0.3644734,2.202813,179.9969,267.9483,True,False,False,False,False,False,False,False,False,False,False,False,False,False,True,False,False,False,False,False,False,False,False,False,False,False,False,True
215,18,6,4,1,10398,5,99869,-0.468633,-0.6539721,2.250955,181.5505,314.2537,True,True,False,False,False,False,False,False,False,False,False,False,False,False,False,False,False,False,False,False,False,False,False,False,False,False,False,True
215,18,6,4,1,10398,5,99869,-0.4900152,-0.7271425,2.175388,175.2124,330.4582,True,False,False,False,False,True,False,False,False,False,False,False,False,False,False,False,False,False,False,False,False,False,False,False,False,False,False,True
215,18,6,4,1,10398,5,99869,-0.3042341,0.01136468,2.126492,205.8672,204.9919,True,False,False,False,False,False,False,False,False,False,False,False,False,True,False,False,False,False,False,False,False,False,False,False,False,False,False,True
215,18,6,4,1,10398,5,99869,-0.265198,-0.3878221,2.234354,214.7545,270.8403,True,False,False,False,False,False,False,False,False,False,False,False,False,False,False,True,False,False,False,False,False,False,False,False,False,False,False,True
215,18,6,4,1,10398,5,99869,-0.1906237,-0.6496605,2.287359,227.6989,311.7226,True,False,True,False,False,False,False,False,False,False,False,False,False,False,False,False,False,False,False,False,False,False,False,False,False,False,False,True
215,18,6,4,1,10398,5,99869,-0.1649118,-0.7042904,2.221398,231.0377,323.9812,True,False,False,False,False,False,True,False,False,False,False,False,False,False,False,False,False,False,False,False,False,False,False,False,False,False,False,True
215,18,6,4,1,10398,5,99869,-0.4285477,0.5573121,2.063845,181.7739,107.2545,True,False,False,False,False,False,False,False,False,False,False,False,False,False,False,False,False,False,False,False,False,True,False,False,False,False,False,True
215,18,6,4,1,10398,5,99869,-0.2972159,0.1652175,1.628298,191.2601,169.6118,True,False,False,False,False,False,False,False,False,True,False,False,False,False,False,False,False,False,False,False,False,False,False,False,False,False,False,True
215,18,6,4,1,10398,5,99869,-0.3126665,0.2295941,1.636179,188.0561,155.2725,True,False,False,False,False,False,False,False,False,False,False,False,False,False,False,False,False,False,False,False,False,False,True,False,False,False,False,True
215,18,6,4,1,10398,5,99869,-0.3254178,0.1666429,1.627608,184.8241,169.2581,True,False,False,False,False,False,False,False,False,False,True,False,False,False,False,False,False,False,False,False,False,False,False,False,False,False,False,True
215,18,6,4,1,10398,5,99869,-0.364299,0.1714632,1.668273,178.0018,169.0964,True,False,False,False,False,False,False,False,False,False,False,False,False,False,False,False,False,False,False,False,False,False,False,True,False,False,False,True
215,18,6,4,1,10399,5,99902,-0.3905597,0.01311271,2.144029,191.4415,204.7064,True,False,False,False,False,False,False,False,False,False,False,False,False,False,False,False,False,False,False,True,False,False,False,False,False,False,False,True
215,18,6,4,1,10399,5,99902,-0.411968,0.3241393,2.101927,186.228,150.1392,True,False,False,False,False,False,False,False,False,False,False,False,False,False,False,False,False,False,False,False,True,False,False,False,False,False,False,True
215,18,6,4,1,10399,5,99902,-0.4333338,0.6303242,2.048628,180.3038,93.30008,True,False,False,False,False,False,False,False,False,False,False,False,False,False,False,False,True,False,False,False,False,False,False,False,False,False,False,True
215,18,6,4,1,10399,5,99902,-0.435145,0.7608814,2.045739,179.8472,69.53149,True,False,False,False,False,False,False,False,False,False,False,True,False,False,False,False,False,False,False,False,False,False,False,False,False,False,False,True
215,18,6,4,1,10399,5,99902,-0.5513214,0.5160634,1.974772,155.3014,110.4135,True,False,False,False,False,False,False,False,False,False,False,False,False,False,False,False,False,True,False,False,False,False,False,False,False,False,False,True
215,18,6,4,1,10399,5,99902,-0.5169914,0.3339905,1.851938,155.3846,140.3794,True,False,False,True,False,False,False,False,False,False,False,False,False,False,False,False,False,False,False,False,False,False,False,False,False,False,False,True
215,18,6,4,1,10399,5,99902,-0.4045839,0.1893323,1.734097,172.4612,166.7206,True,False,False,False,False,False,False,False,False,False,False,False,False,False,False,False,False,False,False,False,False,False,False,False,True,False,False,True
215,18,6,4,1,10399,5,99902,-0.3310606,0.163644,1.67735,185.777,171.0385,True,False,False,False,False,False,False,True,False,False,False,False,False,False,False,False,False,False,False,False,False,False,False,False,False,False,False,True
215,18,6,4,1,10399,5,99902,-0.2567081,0.5295172,2.034533,211.905,110.9679,True,False,False,False,False,False,False,False,False,False,False,False,False,False,False,False,False,False,True,False,False,False,False,False,False,False,False,True
215,18,6,4,1,10399,5,99902,-0.188841,0.3008791,1.942833,222.6899,149.996,True,False,False,False,True,False,False,False,False,False,False,False,False,False,False,False,False,False,False,False,False,False,False,False,False,False,False,True
215,18,6,4,1,10399,5,99902,-0.2694586,0.1966553,1.768044,202.3769,166.0403,True,False,False,False,False,False,False,False,False,False,False,False,False,False,False,False,False,False,False,False,False,False,False,False,False,True,False,True
215,18,6,4,1,10399,5,99902,-0.3193911,0.1650042,1.678131,188.3818,170.7625,True,False,False,False,False,False,False,False,True,False,False,False,False,False,False,False,False,False,False,False,False,False,False,False,False,False,False,True
215,18,6,4,1,10399,5,99902,-0.4637047,0.01425817,2.093616,176.8964,204.4485,True,False,False,False,False,False,False,False,False,False,False,False,True,False,False,False,False,False,False,False,False,False,False,False,False,False,False,True
215,18,6,4,1,10399,5,99902,-0.468542,-0.3632317,2.202295,180.0141,267.7542,True,False,False,False,False,False,False,False,False,False,False,False,False,False,True,False,False,False,False,False,False,False,False,False,False,False,False,True
215,18,6,4,1,10399,5,99902,-0.4687219,-0.6538519,2.25093,181.5351,314.2352,True,True,False,False,False,False,False,False,False,False,False,False,False,False,False,False,False,False,False,False,False,False,False,False,False,False,False,True
215,18,6,4,1,10399,5,99902,-0.4911174,-0.727454,2.177693,175.1134,330.3804,True,False,False,False,False,True,False,False,False,False,False,False,False,False,False,False,False,False,False,False,False,False,False,False,False,False,False,True
215,18,6,4,1,10399,5,99902,-0.3049122,0.01207384,2.126248,205.7435,204.8692,True,False,False,False,False,False,False,False,False,False,False,False,False,True,False,False,False,False,False,False,False,False,False,False,False,False,False,True
215,18,6,4,1,10399,5,99902,-0.2643937,-0.3864602,2.233837,214.8777,270.6296,True,False,False,False,False,False,False,False,False,False,False,False,False,False,False,True,False,False,False,False,False,False,False,False,False,False,False,True
215,18,6,4,1,10399,5,99902,-0.1971981,-0.6411906,2.285086,226.6089,310.4536,True,False,True,False,False,False,False,False,False,False,False,False,False,False,False,False,False,False,False,False,False,False,False,False,False,False,False,True
215,18,6,4,1,10399,5,99902,-0.1668925,-0.7000906,2.225188,230.7571,323.0801,True,False,False,False,False,False,True,False,False,False,False,False,False,False,False,False,False,False,False,False,False,False,False,False,False,False,False,True
215,18,6,4,1,10399,5,99902,-0.4286166,0.5568886,2.063729,181.7574,107.3249,True,False,False,False,False,False,False,False,False,False,False,False,False,False,False,False,False,False,False,False,False,True,False,False,False,False,False,True
215,18,6,4,1,10399,5,99902,-0.3024462,0.1339225,1.654109,191.16,177.1646,True,False,False,False,False,False,False,False,False,True,False,False,False,False,False,False,False,False,False,False,False,False,False,False,False,False,False,True
215,18,6,4,1,10399,5,99902,-0.2901696,0.1868018,1.678706,194.8276,166.0044,True,False,False,False,False,False,False,False,False,False,False,False,False,False,False,False,False,False,False,False,False,False,True,False,False,False,False,True
215,18,6,4,1,10399,5,99902,-0.3269575,0.1447625,1.649554,185.4748,174.6502,True,False,False,False,False,False,False,False,False,False,True,False,False,False,False,False,False,False,False,False,False,False,False,False,False,False,False,True
215,18,6,4,1,10399,5,99902,-0.3636711,0.1771687,1.679,178.6543,168.087,True,False,False,False,False,False,False,False,False,False,False,False,False,False,False,False,False,False,False,False,False,False,False,True,False,False,False,True
215,18,6,4,1,10400,5,99936,-0.3909419,0.01328281,2.143846,191.3698,204.677,True,False,False,False,False,False,False,False,False,False,False,False,False,False,False,False,False,False,False,True,False,False,False,False,False,False,False,True
215,18,6,4,1,10400,5,99936,-0.412004,0.3241411,2.101809,186.2176,150.1356,True,False,False,False,False,False,False,False,False,False,False,False,False,False,False,False,False,False,False,False,True,False,False,False,False,False,False,True
215,18,6,4,1,10400,5,99936,-0.432225,0.6287615,2.048057,180.4828,93.55132,True,False,False,False,False,False,False,False,False,False,False,False,False,False,False,False,True,False,False,False,False,False,False,False,False,False,False,True
215,18,6,4,1,10400,5,99936,-0.4329295,0.758945,2.044372,180.1948,69.78909,True,False,False,False,False,False,False,False,False,False,False,True,False,False,False,False,False,False,False,False,False,False,False,False,False,False,False,True
215,18,6,4,1,10400,5,99936,-0.5518973,0.5139312,1.973249,155.1142,110.7384,True,False,False,False,False,False,False,False,False,False,False,False,False,False,False,False,False,True,False,False,False,False,False,False,False,False,False,True
215,18,6,4,1,10400,5,99936,-0.5191029,0.3249689,1.856103,155.2007,142.3261,True,False,False,True,False,False,False,False,False,False,False,False,False,False,False,False,False,False,False,False,False,False,False,False,False,False,False,True
215,18,6,4,1,10400,5,99936,-0.3992247,0.1840312,1.741291,173.9619,168.014,True,False,False,False,False,False,False,False,False,False,False,False,False,False,False,False,False,False,False,False,False,False,False,False,True,False,False,True
215,18,6,4,1,10400,5,99936,-0.334839,0.1490951,1.693342,185.6489,174.544,True,False,False,False,False,False,False,True,False,False,False,False,False,False,False,False,False,False,False,False,False,False,False,False,False,False,False,True
215,18,6,4,1,10400,5,99936,-0.2542295,0.5280777,2.035858,212.3858,111.2943,True,False,False,False,False,False,False,False,False,False,False,False,False,False,False,False,False,False,True,False,False,False,False,False,False,False,False,True
215,18,6,4,1,10400,5,99936,-0.1903501,0.3037007,1.945492,222.4522,149.5384,True,False,False,False,True,False,False,False,False,False,False,False,False,False,False,False,False,False,False,False,False,False,False,False,False,False,False,True
215,18,6,4,1,10400,5,99936,-0.28219,0.1919102,1.782577,200.2027,167.3503,True,False,False,False,False,False,False,False,False,False,False,False,False,False,False,False,False,False,False,False,False,False,False,False,False,True,False,True
215,18,6,4,1,10400,5,99936,-0.3225579,0.1512073,1.695293,188.4109,174.128,True,False,False,False,False,False,False,False,True,False,False,False,False,False,False,False,False,False,False,False,False,False,False,False,False,False,False,True
215,18,6,4,1,10400,5,99936,-0.4642019,0.01447248,2.092968,176.783,204.41,True,False,False,False,False,False,False,False,False,False,False,False,True,False,False,False,False,False,False,False,False,False,False,False,False,False,False,True
215,18,6,4,1,10400,5,99936,-0.4682695,-0.3631653,2.202391,180.0634,267.7403,True,False,False,False,False,False,False,False,False,False,False,False,False,False,True,False,False,False,False,False,False,False,False,False,False,False,False,True
215,18,6,4,1,10400,5,99936,-0.4694751,-0.658263,2.250198,181.3843,314.997,True,True,False,False,False,False,False,False,False,False,False,False,False,False,False,False,False,False,False,False,False,False,False,False,False,False,False,True
215,18,6,4,1,10400,5,99936,-0.4908892,-0.7275244,2.176979,175.1248,330.4328,True,False,False,False,False,True,False,False,False,False,False,False,False,False,False,False,False,False,False,False,False,False,False,False,False,False,False,True
215,18,6,4,1,10400,5,99936,-0.3053032,0.01220119,2.126358,205.6785,204.8472,True,False,False,False,False,False,False,False,False,False,False,False,False,True,False,False,False,False,False,False,False,False,False,False,False,False,False,True
215,18,6,4,1,10400,5,99936,-0.2642083,-0.3856421,2.233526,214.9025,270.5031,True,False,False,False,False,False,False,False,False,False,False,False,False,False,False,True,False,False,False,False,False,False,False,False,False,False,False,True
215,18,6,4,1,10400,5,99936,-0.1966898,-0.6410942,2.281549,226.6415,310.5993,True,False,True,False,False,False,False,False,False,False,False,False,False,False,False,False,False,False,False,False,False,False,False,False,False,False,False,True
215,18,6,4,1,10400,5,99936,-0.166021,-0.7005401,2.225681,230.9077,323.129,True,False,False,False,False,False,True,False,False,False,False,False,False,False,False,False,False,False,False,False,False,False,False,False,False,False,False,True
215,18,6,4,1,10400,5,99936,-0.427895,0.5555909,2.063284,181.8708,107.5368,True,False,False,False,False,False,False,False,False,False,False,False,False,False,False,False,False,False,False,False,False,True,False,False,False,False,False,True
215,18,6,4,1,10400,5,99936,-0.2993131,0.1206816,1.666221,192.3515,180.3094,True,False,False,False,False,False,False,False,False,True,False,False,False,False,False,False,False,False,False,False,False,False,False,False,False,False,False,True
215,18,6,4,1,10400,5,99936,-0.313583,0.1897354,1.674095,189.4815,165.2322,True,False,False,False,False,False,False,False,False,False,False,False,False,False,False,False,False,False,False,False,False,False,True,False,False,False,False,True
215,18,6,4,1,10400,5,99936,-0.3300236,0.124563,1.663481,185.4162,179.3941,True,False,False,False,False,False,False,False,False,False,True,False,False,False,False,False,False,False,False,False,False,False,False,False,False,False,False,True
215,18,6,4,1,10400,5,99936,-0.3686978,0.1666841,1.698333,178.478,170.8061,True,False,False,False,False,False,False,False,False,False,False,False,False,False,False,False,False,False,False,False,False,False,False,True,False,False,False,True
215,18,6,4,1,10401,5,99969,-0.3909262,0.01346654,2.143752,191.3696,204.6454,True,False,False,False,False,False,False,False,False,False,False,False,False,False,False,False,False,False,False,True,False,False,False,False,False,False,False,True
215,18,6,4,1,10401,5,99969,-0.4119363,0.3241957,2.101653,186.2241,150.1218,True,False,False,False,False,False,False,False,False,False,False,False,False,False,False,False,False,False,False,False,True,False,False,False,False,False,False,True
215,18,6,4,1,10401,5,99969,-0.4315653,0.6278549,2.047543,180.5827,93.68703,True,False,False,False,False,False,False,False,False,False,False,False,False,False,False,False,True,False,False,False,False,False,False,False,False,False,False,True
215,18,6,4,1,10401,5,99969,-0.4308245,0.7573797,2.042484,180.5031,69.94514,True,False,False,False,False,False,False,False,False,False,False,True,False,False,False,False,False,False,False,False,False,False,False,False,False,False,False,True
215,18,6,4,1,10401,5,99969,-0.5521764,0.5126465,1.97188,154.9903,110.9123,True,False,False,False,False,False,False,False,False,False,False,False,False,False,False,False,False,True,False,False,False,False,False,False,False,False,False,True
215,18,6,4,1,10401,5,99969,-0.5195826,0.320598,1.857634,155.193,143.2496,True,False,False,True,False,False,False,False,False,False,False,False,False,False,False,False,False,False,False,False,False,False,False,False,False,False,False,True
215,18,6,4,1,10401,5,99969,-0.3990027,0.1800462,1.743113,174.1,168.8984,True,False,False,False,False,False,False,False,False,False,False,False,False,False,False,False,False,False,False,False,False,False,False,False,True,False,False,True
215,18,6,4,1,10401,5,99969,-0.3362769,0.1440451,1.697817,185.5308,175.7251,True,False,False,False,False,False,False,True,False,False,False,False,False,False,False,False,False,False,False,False,False,False,False,False,False,False,False,True
215,18,6,4,1,10401,5,99969,-0.2550447,0.5282353,2.035672,212.2336,111.2564,True,False,False,False,False,False,False,False,False,False,False,False,False,False,False,False,False,False,True,False,False,False,False,False,False,False,False,True
215,18,6,4,1,10401,5,99969,-0.1910404,0.3040643,1.947448,222.3578,149.5272,True,False,False,False,True,False,False,False,False,False,False,False,False,False,False,False,False,False,False,False,False,False,False,False,False,False,False,True
215,18,6,4,1,10401,5,99969,-0.2733416,0.1795715,1.788764,202.2359,170.0329,True,False,False,False,False,False,False,False,False,False,False,False,False,False,False,False,False,False,False,False,False,False,False,False,False,True,False,True
215,18,6,4,1,10401,5,99969,-0.3234349,0.1436234,1.698486,188.3557,175.8346,True,False,False,False,False,False,False,False,True,False,False,False,False,False,False,False,False,False,False,False,False,False,False,False,False,False,False,True
215,18,6,4,1,10401,5,99969,-0.4640777,0.01464798,2.092501,176.7867,204.3785,True,False,False,False,False,False,False,False,False,False,False,False,True,False,False,False,False,False,False,False,False,False,False,False,False,False,False,True
215,18,6,4,1,10401,5,99969,-0.4683463,-0.3619935,2.201607,180.023,267.5654,True,False,False,False,False,False,False,False,False,False,False,False,False,False,True,False,False,False,False,False,False,False,False,False,False,False,False,True
215,18,6,4,1,10401,5,99969,-0.4695401,-0.6580715,2.250217,181.3743,314.9646,True,True,False,False,False,False,False,False,False,False,False,False,False,False,False,False,False,False,False,False,False,False,False,False,False,False,False,True
215,18,6,4,1,10401,5,99969,-0.4905199,-0.7273247,2.176654,175.1751,330.4173,True,False,False,False,False,True,False,False,False,False,False,False,False,False,False,False,False,False,False,False,False,False,False,False,False,False,False,True
215,18,6,4,1,10401,5,99969,-0.305358,0.01247252,2.126505,205.6727,204.8005,True,False,False,False,False,False,False,False,False,False,False,False,False,True,False,False,False,False,False,False,False,False,False,False,False,False,False,True
215,18,6,4,1,10401,5,99969,-0.2649043,-0.3846914,2.232874,214.7752,270.3648,True,False,False,False,False,False,False,False,False,False,False,False,False,False,False,True,False,False,False,False,False,False,False,False,False,False,False,True
215,18,6,4,1,10401,5,99969,-0.1971177,-0.6400641,2.280973,226.5645,310.4581,True,False,True,False,False,False,False,False,False,False,False,False,False,False,False,False,False,False,False,False,False,False,False,False,False,False,False,True
215,18,6,4,1,10401,5,99969,-0.1657447,-0.7007375,2.225396,230.95,323.1768,True,False,False,False,False,False,True,False,False,False,False,False,False,False,False,False,False,False,False,False,False,False,False,False,False,False,False,True
215,18,6,4,1,10401,5,99969,-0.4273683,0.5547966,2.062863,181.9501,107.6594,True,False,False,False,False,False,False,False,False,False,False,False,False,False,False,False,False,False,False,False,False,True,False,False,False,False,False,True
215,18,6,4,1,10401,5,99969,-0.3001075,0.1143424,1.668416,192.2653,181.7431,True,False,False,False,False,False,False,False,False,True,False,False,False,False,False,False,False,False,False,False,False,False,False,False,False,False,False,True
215,18,6,4,1,10401,5,99969,-0.2868735,0.1608155,1.7122,196.8017,172.4028,True,False,False,False,False,False,False,False,False,False,False,False,False,False,False,False,False,False,False,False,False,False,True,False,False,False,False,True
215,18,6,4,1,10401,5,99969,-0.3307334,0.1178933,1.664453,185.304,180.8858,True,False,False,False,False,False,False,False,False,False,True,False,False,False,False,False,False,False,False,False,False,False,False,False,False,False,False,True
215,18,6,4,1,10401,5,99969,-0.3714825,0.1423213,1.700826,178.0014,176.1385,True,False,False,False,False,False,False,False,False,False,False,False,False,False,False,False,False,False,False,False,False,False,False,True,False,False,False,True
215,18,6,4,1,10402,5,100002,-0.3911352,0.0137799,2.143726,191.3327,204.5916,True,False,False,False,False,False,False,False,False,False,False,False,False,False,False,False,False,False,False,True,False,False,False,False,False,False,False,True
215,18,6,4,1,10402,5,100002,-0.4119423,0.3242427,2.10157,186.2201,150.1113,True,False,False,False,False,False,False,False,False,False,False,False,False,False,False,False,False,False,False,False,True,False,False,False,False,False,False,True
215,18,6,4,1,10402,5,100002,-0.431025,0.6270903,2.047151,180.6656,93.80378,True,False,False,False,False,False,False,False,False,False,False,False,False,False,False,False,True,False,False,False,False,False,False,False,False,False,False,True
215,18,6,4,1,10402,5,100002,-0.429465,0.7565792,2.041399,180.7076,70.01698,True,False,False,False,False,False,False,False,False,False,False,True,False,False,False,False,False,False,False,False,False,False,False,False,False,False,False,True
215,18,6,4,1,10402,5,100002,-0.5521929,0.5123343,1.971363,154.9601,110.9456,True,False,False,False,False,False,False,False,False,False,False,False,False,False,False,False,False,True,False,False,False,False,False,False,False,False,False,True
215,18,6,4,1,10402,5,100002,-0.5196695,0.3196873,1.858139,155.2044,143.4482,True,False,False,True,False,False,False,False,False,False,False,False,False,False,False,False,False,False,False,False,False,False,False,False,False,False,False,True
215,18,6,4,1,10402,5,100002,-0.3989079,0.1796908,1.743105,174.12,168.9734,True,False,False,False,False,False,False,False,False,False,False,False,False,False,False,False,False,False,False,False,False,False,False,False,True,False,False,True
215,18,6,4,1,10402,5,100002,-0.3344388,0.1464923,1.694564,185.7902,175.1336,True,False,False,False,False,False,False,True,False,False,False,False,False,False,False,False,False,False,False,False,False,False,False,False,False,False,False,True
215,18,6,4,1,10402,5,100002,-0.2554476,0.5282186,2.035604,212.159,111.256,True,False,False,False,False,False,False,False,False,False,False,False,False,False,False,False,False,False,True,False,False,False,False,False,False,False,False,True
215,18,6,4,1,10402,5,100002,-0.194425,0.2990063,1.954494,221.8527,150.6887,True,False,False,False,True,False,False,False,False,False,False,False,False,False,False,False,False,False,False,False,False,False,False,False,False,False,False,True
215,18,6,4,1,10402,5,100002,-0.2721524,0.1811491,1.788321,202.4666,169.6992,True,False,False,False,False,False,False,False,False,False,False,False,False,False,False,False,False,False,False,False,False,False,False,False,False,True,False,True
215,18,6,4,1,10402,5,100002,-0.3213611,0.1472591,1.695963,188.7014,174.9993,True,False,False,False,False,False,False,False,True,False,False,False,False,False,False,False,False,False,False,False,False,False,False,False,False,False,False,True
215,18,6,4,1,10402,5,100002,-0.4642386,0.01489666,2.092297,176.7502,204.3345,True,False,False,False,False,False,False,False,False,False,False,False,True,False,False,False,False,False,False,False,False,False,False,False,False,False,False,True
215,18,6,4,1,10402,5,100002,-0.4685346,-0.3615542,2.201408,179.9845,267.4973,True,False,False,False,False,False,False,False,False,False,False,False,False,False,True,False,False,False,False,False,False,False,False,False,False,False,False,True
215,18,6,4,1,10402,5,100002,-0.4696725,-0.6583129,2.250084,181.3479,315.0108,True,True,False,False,False,False,False,False,False,False,False,False,False,False,False,False,False,False,False,False,False,False,False,False,False,False,False,True
215,18,6,4,1,10402,5,100002,-0.490548,-0.7275578,2.175719,175.1345,330.5101,True,False,False,False,False,True,False,False,False,False,False,False,False,False,False,False,False,False,False,False,False,False,False,False,False,False,False,True
215,18,6,4,1,10402,5,100002,-0.3056585,0.01284978,2.126733,205.6263,204.7355,True,False,False,False,False,False,False,False,False,False,False,False,False,True,False,False,False,False,False,False,False,False,False,False,False,False,False,True
215,18,6,4,1,10402,5,100002,-0.2654029,-0.3843464,2.232935,214.6942,270.3062,True,False,False,False,False,False,False,False,False,False,False,False,False,False,False,True,False,False,False,False,False,False,False,False,False,False,False,True
215,18,6,4,1,10402,5,100002,-0.1986105,-0.6404028,2.279232,226.2981,310.5934,True,False,True,False,False,False,False,False,False,False,False,False,False,False,False,False,False,False,False,False,False,False,False,False,False,False,False,True
215,18,6,4,1,10402,5,100002,-0.165599,-0.7008073,2.225632,230.9771,323.176,True,False,False,False,False,False,True,False,False,False,False,False,False,False,False,False,False,False,False,False,False,False,False,False,False,False,False,True
215,18,6,4,1,10402,5,100002,-0.4269872,0.5541604,2.062566,182.0077,107.7595,True,False,False,False,False,False,False,False,False,False,False,False,False,False,False,False,False,False,False,False,False,True,False,False,False,False,False,True
215,18,6,4,1,10402,5,100002,-0.3002226,0.1164646,1.667835,192.2159,181.2658,True,False,False,False,False,False,False,False,False,True,False,False,False,False,False,False,False,False,False,False,False,False,False,False,False,False,False,True
215,18,6,4,1,10402,5,100002,-0.2861142,0.1611032,1.708775,196.8414,172.2715,True,False,False,False,False,False,False,False,False,False,False,False,False,False,False,False,False,False,False,False,False,False,True,False,False,False,False,True
215,18,6,4,1,10402,5,100002,-0.3291209,0.1194463,1.662813,185.5895,180.5166,True,False,False,False,False,False,False,False,False,False,True,False,False,False,False,False,False,False,False,False,False,False,False,False,False,False,False,True
215,18,6,4,1,10402,5,100002,-0.3702086,0.1490787,1.696633,178.0763,174.5944,True,False,False,False,False,False,False,False,False,False,False,False,False,False,False,False,False,False,False,False,False,False,False,True,False,False,False,True
215,18,6,4,1,10403,5,100036,-0.3913478,0.01391006,2.143691,191.295,204.5692,True,False,False,False,False,False,False,False,False,False,False,False,False,False,False,False,False,False,False,True,False,False,False,False,False,False,False,True
215,18,6,4,1,10403,5,100036,-0.4120062,0.3242725,2.101438,186.2043,150.1024,True,False,False,False,False,False,False,False,False,False,False,False,False,False,False,False,False,False,False,False,True,False,False,False,False,False,False,True
215,18,6,4,1,10403,5,100036,-0.4307962,0.6266225,2.046769,180.6925,93.86737,True,False,False,False,False,False,False,False,False,False,False,False,False,False,False,False,True,False,False,False,False,False,False,False,False,False,False,True
215,18,6,4,1,10403,5,100036,-0.4281664,0.7557516,2.040353,180.9028,70.0965,True,False,False,False,False,False,False,False,False,False,False,True,False,False,False,False,False,False,False,False,False,False,False,False,False,False,False,True
215,18,6,4,1,10403,5,100036,-0.5516629,0.5117384,1.970393,155.0087,111.0103,True,False,False,False,False,False,False,False,False,False,False,False,False,False,False,False,False,True,False,False,False,False,False,False,False,False,False,True
215,18,6,4,1,10403,5,100036,-0.519849,0.3203688,1.85826,155.175,143.3166,True,False,False,True,False,False,False,False,False,False,False,False,False,False,False,False,False,False,False,False,False,False,False,False,False,False,False,True
215,18,6,4,1,10403,5,100036,-0.395699,0.1810302,1.734941,174.4051,168.5104,True,False,False,False,False,False,False,False,False,False,False,False,False,False,False,False,False,False,False,False,False,False,False,False,True,False,False,True
215,18,6,4,1,10403,5,100036,-0.3329464,0.1569936,1.682719,185.599,172.6094,True,False,False,False,False,False,False,True,False,False,False,False,False,False,False,False,False,False,False,False,False,False,False,False,False,False,False,True
215,18,6,4,1,10403,5,100036,-0.2533838,0.5268772,2.036341,212.5508,111.5362,True,False,False,False,False,False,False,False,False,False,False,False,False,False,False,False,False,False,True,False,False,False,False,False,False,False,False,True
215,18,6,4,1,10403,5,100036,-0.1945273,0.2992444,1.952776,221.8009,150.594,True,False,False,False,True,False,False,False,False,False,False,False,False,False,False,False,False,False,False,False,False,False,False,False,False,False,False,True
215,18,6,4,1,10403,5,100036,-0.2686926,0.190115,1.778903,202.8826,167.6461,True,False,False,False,False,False,False,False,False,False,False,False,False,False,False,False,False,False,False,False,False,False,False,False,False,True,False,True
215,18,6,4,1,10403,5,100036,-0.318947,0.1574151,1.683953,188.7266,172.5492,True,False,False,False,False,False,False,False,True,False,False,False,False,False,False,False,False,False,False,False,False,False,False,False,False,False,False,True
215,18,6,4,1,10403,5,100036,-0.4644724,0.01506854,2.092094,176.7008,204.304,True,False,False,False,False,False,False,False,False,False,False,False,True,False,False,False,False,False,False,False,False,False,False,False,False,False,False,True
215,18,6,4,1,10403,5,100036,-0.4685564,-0.3608949,2.201203,179.9738,267.3923,True,False,False,False,False,False,False,False,False,False,False,False,False,False,True,False,False,False,False,False,False,False,False,False,False,False,False,True
215,18,6,4,1,10403,5,100036,-0.4696779,-0.6581247,2.250109,181.3479,314.9786,True,True,False,False,False,False,False,False,False,False,False,False,False,False,False,False,False,False,False,False,False,False,False,False,False,False,False,True
215,18,6,4,1,10403,5,100036,-0.4903964,-0.7275978,2.175392,175.1476,330.5355,True,False,False,False,False,True,False,False,False,False,False,False,False,False,False,False,False,False,False,False,False,False,False,False,False,False,False,True
215,18,6,4,1,10403,5,100036,-0.3058946,0.0129245,2.126863,205.5885,204.7228,True,False,False,False,False,False,False,False,False,False,False,False,False,True,False,False,False,False,False,False,False,False,False,False,False,False,False,True
215,18,6,4,1,10403,5,100036,-0.265185,-0.3837419,2.23277,214.7272,270.2108,True,False,False,False,False,False,False,False,False,False,False,False,False,False,False,True,False,False,False,False,False,False,False,False,False,False,False,True
215,18,6,4,1,10403,5,100036,-0.1985558,-0.6412119,2.279373,226.3087,310.7187,True,False,True,False,False,False,False,False,False,False,False,False,False,False,False,False,False,False,False,False,False,False,False,False,False,False,False,True
215,18,6,4,1,10403,5,100036,-0.1657564,-0.7007437,2.22512,230.9446,323.1924,True,False,False,False,False,False,True,False,False,False,False,False,False,False,False,False,False,False,False,False,False,False,False,False,False,False,False,True
215,18,6,4,1,10403,5,100036,-0.4268338,0.5537201,2.062253,182.0238,107.8236,True,False,False,False,False,False,False,False,False,False,False,False,False,False,False,False,False,False,False,False,False,True,False,False,False,False,False,True
215,18,6,4,1,10403,5,100036,-0.3014941,0.1229715,1.659821,191.6091,179.6974,True,False,False,False,False,False,False,False,False,True,False,False,False,False,False,False,False,False,False,False,False,False,False,False,False,False,False,True
215,18,6,4,1,10403,5,100036,-0.3006561,0.1908923,1.666488,192.0315,164.792,True,False,False,False,False,False,False,False,False,False,False,False,False,False,False,False,False,False,False,False,False,False,True,False,False,False,False,True
215,18,6,4,1,10403,5,100036,-0.3268698,0.1289246,1.652881,185.6492,178.2457,True,False,False,False,False,False,False,False,False,False,True,False,False,False,False,False,False,False,False,False,False,False,False,False,False,False,False,True
215,18,6,4,1,10403,5,100036,-0.3631275,0.1687635,1.681061,178.877,169.9791,True,False,False,False,False,False,False,False,False,False,False,False,False,False,False,False,False,False,False,False,False,False,False,True,False,False,False,True
